0.0, -0.4, 0.072, 9.155, -3.023, -1.664, -0.489
0.0, -0.4, 0.079, 9.254, -2.870, -1.756, -0.412
0.0, -0.4, 0.126, 9.166, -2.794, -1.740, -0.519
0.0, -0.4, 0.134, 9.170, -2.855, -1.573, -0.504
0.0, -0.4, 0.105, 9.228, -2.824, -1.786, -0.412
0.0, -0.4, 0.075, 9.250, -2.718, -1.649, -0.397
0.0, -0.4, 0.075, 9.195, -2.809, -1.756, -0.443
0.0, -0.4, 0.071, 9.207, -2.809, -1.634, -0.611
0.0, -0.4, 0.107, 9.246, -2.885, -1.664, -0.443
0.0, -0.3, 0.059, 9.195, -2.824, -1.740, -0.458
0.0, -0.3, 0.083, 9.163, -2.702, -1.710, -0.611
0.0, -0.3, 0.038, 9.172, -2.870, -1.786, -0.550
0.0, -0.4, 0.068, 9.209, -2.794, -1.649, -0.534
0.0, -0.4, 0.115, 9.118, -2.763, -1.725, -0.611
0.0, -0.4, 0.050, 9.149, -2.763, -1.756, -0.489
0.0, -0.4, 0.126, 9.225, -2.885, -1.695, -0.565
0.0, -0.4, 0.073, 9.244, -2.901, -1.756, -0.519
0.0, -0.4, 0.071, 9.208, -2.718, -1.710, -0.595
0.0, -0.4, 0.142, 9.216, -2.779, -1.740, -0.473
0.0, -0.4, 0.069, 9.226, -2.748, -1.634, -0.427
0.0, -0.4, 0.061, 9.183, -2.840, -1.786, -0.611
0.0, -0.4, 0.065, 9.145, -2.779, -1.679, -0.565
0.0, -0.4, 0.092, 9.157, -2.947, -1.832, -0.504
0.0, -0.3, 0.089, 9.201, -2.824, -1.756, -0.519
0.0, -0.4, 0.071, 9.184, -2.748, -1.588, -0.519
0.0, -0.4, 0.067, 9.187, -2.748, -1.679, -0.519
0.0, -0.4, 0.097, 9.183, -2.885, -1.603, -0.550
0.0, -0.4, -0.300, 9.482, -2.840, -1.786, -0.504
0.0, -0.4, 0.104, 8.918, -2.794, -1.695, -0.489
0.0, -0.4, 0.085, 9.200, -2.748, -1.649, -0.519
0.0, -0.4, 0.105, 9.160, -2.870, -1.664, -0.580
0.0, -0.3, 0.107, 9.200, -2.824, -1.786, -0.473
0.0, -0.4, 0.099, 9.227, -2.824, -1.771, -0.641
0.0, -0.4, 0.098, 9.208, -2.824, -1.756, -0.519
0.0, -0.3, 0.120, 9.195, -2.962, -1.725, -0.504
0.0, -0.4, 0.083, 9.175, -2.870, -1.679, -0.473
0.0, -0.4, 0.097, 9.195, -2.870, -1.618, -0.397
0.0, -0.4, 0.087, 9.182, -2.763, -1.725, -0.733
0.0, -0.4, 0.071, 9.193, -2.809, -1.786, -0.580
0.0, -0.4, 0.108, 9.209, -2.824, -1.725, -0.443
0.0, -0.4, 0.073, 9.222, -2.763, -1.603, -0.489
0.0, -0.4, 0.135, 9.133, -2.779, -1.725, -0.504
0.0, -0.4, 0.081, 9.497, -2.855, -1.618, -0.489
0.0, -0.4, 0.061, 9.205, -2.855, -1.786, -0.427
0.0, -0.4, 0.108, 9.216, -2.870, -1.664, -0.443
0.0, -0.4, 0.047, 9.214, -2.901, -1.695, -0.550
0.0, -0.4, 0.085, 9.191, -2.779, -1.710, -0.519
0.0, -0.4, 0.034, 9.185, -2.794, -1.740, -0.504
0.0, -0.4, 0.099, 9.212, -2.748, -1.710, -0.473
0.0, -0.4, 0.045, 9.188, -2.794, -1.756, -0.458
0.0, -0.4, 0.091, 9.224, -2.824, -1.847, -0.611
0.0, -0.4, 0.099, 9.193, -2.885, -1.710, -0.489
0.0, -0.4, 0.071, 9.214, -2.794, -1.740, -0.550
0.0, -0.4, 0.073, 9.269, -2.794, -1.664, -0.504
0.0, -0.4, 0.098, 9.200, -2.687, -1.710, -0.580
0.0, -0.4, 0.120, 9.492, -2.733, -1.664, -0.550
0.0, -0.4, 0.085, 9.196, -2.824, -1.771, -0.534
0.0, -0.4, 0.089, 9.190, -2.794, -1.634, -0.489
0.0, -0.4, 0.089, 9.199, -2.809, -1.679, -0.611
0.0, -0.4, 0.079, 9.169, -2.748, -1.771, -0.458
0.0, -0.4, 0.095, 9.173, -2.855, -1.740, -0.534
0.0, -0.4, 0.091, 9.188, -2.702, -1.664, -0.534
0.0, -0.4, 0.105, 9.209, -2.824, -1.756, -0.595
0.0, -0.4, 0.061, 9.218, -2.824, -1.817, -0.473
0.0, -0.4, 0.077, 9.199, -2.702, -1.664, -0.626
0.0, -0.3, 0.105, 8.893, -2.840, -1.557, -0.489
0.0, -0.4, 0.066, 9.203, -2.855, -1.756, -0.473
0.0, -0.4, 0.067, 9.242, -2.824, -1.695, -0.489
0.0, -0.4, 0.097, 9.158, -2.763, -1.740, -0.336
0.0, -0.4, 0.055, 9.177, -2.763, -1.725, -0.519
0.0, -0.4, 0.078, 9.187, -2.870, -1.695, -0.519
0.0, -0.4, 0.086, 9.274, -2.931, -1.725, -0.458
0.0, -0.4, 0.061, 9.178, -2.779, -1.603, -0.565
0.0, -0.4, 0.109, 9.210, -2.763, -1.695, -0.611
0.0, -0.4, 0.116, 9.227, -2.870, -1.740, -0.611
0.0, -0.3, 0.104, 9.175, -2.748, -1.679, -0.412
0.0, -0.4, 0.095, 9.151, -2.870, -1.786, -0.626
0.0, -0.4, 0.113, 9.236, -2.779, -1.771, -0.519
0.0, -0.4, 0.078, 9.227, -2.794, -1.634, -0.458
0.0, -0.4, 0.086, 8.893, -2.824, -1.740, -0.550
0.0, -0.4, 0.085, 9.207, -3.053, -1.695, -0.519
0.0, -0.4, 0.085, 9.209, -2.962, -1.710, -0.550
0.0, -0.4, 0.097, 9.209, -2.687, -1.634, -0.534
0.0, -0.4, 0.050, 9.219, -2.779, -1.725, -0.565
0.0, -0.4, 0.044, 9.201, -2.779, -1.771, -0.672
0.0, -0.4, 0.065, 9.142, -2.794, -1.618, -0.473
0.0, -0.4, 0.079, 9.242, -2.763, -1.649, -0.458
0.0, -0.4, 0.115, 9.171, -2.824, -1.786, -0.473
0.0, -0.4, 0.086, 9.185, -2.901, -1.740, -0.489
0.0, -0.4, 0.055, 9.210, -2.748, -1.695, -0.550
0.0, -0.4, 0.128, 9.494, -2.794, -1.679, -0.504
0.0, -0.4, 0.089, 9.209, -2.824, -1.817, -0.534
0.0, -0.4, 0.109, 9.191, -2.885, -1.771, -0.534
0.0, -0.4, 0.095, 9.218, -2.748, -1.664, -0.550
0.0, -0.4, 0.110, 9.189, -2.855, -1.786, -0.565
0.0, -0.4, 0.114, 9.172, -2.809, -1.771, -0.443
0.0, -0.4, 0.109, 9.193, -2.794, -1.832, -0.565
0.0, -0.4, 0.060, 9.145, -2.809, -1.695, -0.458
0.0, -0.4, 0.097, 9.184, -2.748, -1.802, -0.489
0.0, -0.4, 0.097, 9.175, -2.748, -1.695, -0.473
0.0, -0.4, 0.102, 9.155, -2.779, -1.634, -0.427
0.0, -0.4, 0.086, 9.154, -2.916, -1.695, -0.626
0.0, -0.4, 0.102, 9.196, -2.824, -1.725, -0.504
0.0, -0.4, 0.085, 9.213, -2.870, -1.618, -0.473
0.0, -0.4, 0.098, 9.190, -2.870, -1.756, -0.519
0.0, -0.4, 0.080, 9.196, -2.748, -1.679, -0.519
0.0, -0.4, 0.086, 9.166, -2.779, -1.649, -0.519
0.0, -0.4, 0.066, 9.164, -2.916, -1.756, -0.550
0.0, -0.4, 0.069, 9.152, -2.718, -1.710, -0.443
0.0, -0.4, 0.048, 9.237, -2.885, -1.725, -0.611
0.0, -0.4, 0.092, 9.216, -2.611, -1.740, -0.473
0.0, -0.4, 0.085, 9.200, -2.840, -1.756, -0.534
0.0, -0.4, -0.290, 9.142, -2.061, -1.710, -0.595
0.0, -0.5, -0.474, 8.930, 0.565, -1.603, -0.992
0.0, -0.2, -0.129, 9.210, 1.664, -1.389, -1.466
0.0, -0.4, -1.071, 9.497, 6.137, -1.145, -0.733
0.0, -0.3, -2.014, 9.376, 18.382, 0.458, 0.611
0.0, -0.1, -0.200, 9.130, 25.176, 1.282, 0.076
0.0, -0.2, 4.407, 8.831, -2.397, -1.267, -1.481
0.0, -1.1, -0.346, 9.024, -4.427, -2.092, -1.298
0.0, -0.2, 1.300, 8.593, 2.061, -0.855, 2.214
0.0, -0.6, 0.163, 9.262, 6.534, -1.618, -0.870
0.0, -0.9, 0.954, 9.369, -16.046, -2.107, -0.458
0.0, -0.6, -0.165, 8.944, -9.252, -1.740, 3.771
0.0, -0.3, 1.197, 8.977, -11.115, -2.840, -0.534
0.0, -0.4, 2.230, 8.830, -20.305, -3.405, -1.252
0.0, -0.6, 2.835, 9.117, -36.366, -4.351, -2.092
0.0, -0.3, -4.004, 9.711, -7.985, -1.481, 1.069
0.0, -0.5, -0.857, 9.274, 2.809, -0.550, 1.695
0.0, -0.5, 1.033, 8.894, -0.840, -1.038, 0.153
0.0, -0.8, -0.891, 9.445, -1.573, -1.664, -1.176
0.0, 0.0, 0.187, 9.285, 0.977, -0.992, -0.580
0.0, -0.6, 0.753, 9.492, -3.160, -1.893, -0.840
0.0, -0.3, 0.412, 9.176, -5.679, -1.786, 0.015
0.0, -0.2, 0.075, 9.112, -5.389, -1.924, -0.214
0.0, -0.4, -0.417, 9.285, -3.405, -2.122, -0.626
0.0, -0.5, 0.225, 9.163, -2.672, -1.695, -0.718
0.0, -0.5, 0.239, 9.123, -3.053, -1.939, -0.427
0.0, -0.4, 0.413, 9.233, -3.969, -2.137, -0.321
0.0, -0.2, 0.612, 9.249, -5.771, -1.939, -0.550
0.0, -0.5, -0.322, 9.462, -5.573, -2.153, -0.611
0.0, -0.1, -0.675, 9.122, -2.443, -1.695, -0.473
0.0, -0.0, -0.333, 9.177, 0.504, -1.252, -0.366
0.0, -0.3, 0.250, 9.240, 1.389, -1.038, -0.489
0.0, -0.5, 1.179, 9.272, -3.176, -1.435, -0.580
0.0, -0.3, -0.407, 9.157, -2.656, -1.496, -0.427
0.0, -0.4, 0.030, 8.999, 1.115, -0.137, 0.702
0.0, -0.6, 0.176, 9.056, 2.412, -0.611, -0.458
0.0, -0.4, 0.142, 9.440, -4.275, -2.412, -0.718
0.0, -0.7, 0.608, 9.426, -8.290, -2.733, -0.550
0.0, -0.1, -0.175, 8.982, -5.588, -2.092, -0.779
0.0, -0.4, 0.124, 9.045, -3.939, -2.336, -0.595
0.0, -0.6, -0.130, 9.225, -3.878, -2.031, 0.061
0.0, -0.3, -0.013, 9.345, -2.443, -1.802, -0.412
0.0, -0.3, 0.047, 9.151, -2.733, -1.985, -0.840
0.0, -0.2, 0.111, 9.056, -2.580, -1.802, -0.458
0.0, -0.3, 0.263, 9.278, -3.176, -1.557, -0.229
0.0, -0.4, -0.093, 9.251, -2.840, -1.664, -0.580
0.0, -0.4, 0.129, 9.151, -2.656, -1.557, -0.687
0.0, -0.4, 0.271, 9.201, -3.023, -1.542, -0.504
0.0, -0.4, 0.047, 9.264, -2.061, -1.695, -0.382
0.0, -0.4, 0.157, 9.239, -2.794, -1.863, -0.611
0.0, -0.3, 0.010, 9.111, -2.473, -1.527, -0.626
0.0, -0.4, 0.093, 9.207, -2.595, -1.695, -0.443
0.0, -0.4, 0.153, 9.232, -2.840, -1.679, -0.321
0.0, -0.4, 0.077, 9.498, -2.885, -1.618, -0.565
0.0, -0.4, 0.037, 9.166, -2.565, -1.573, -0.611
0.0, -0.4, 0.056, 9.175, -2.595, -1.649, -0.550
0.0, -0.4, 0.102, 9.203, -2.611, -1.695, -0.366
0.0, -0.4, 0.093, 9.249, -2.748, -1.832, -0.458
0.0, -0.4, 0.132, 9.094, -2.611, -1.740, -0.733
0.0, -0.4, 0.068, 9.188, -2.550, -1.847, -0.473
0.0, -0.4, 0.028, 9.225, -2.412, -1.771, -0.443
0.0, -0.4, 0.063, 9.188, -2.321, -1.756, -0.626
0.0, -0.4, 0.050, 9.149, -1.863, -1.725, -0.702
0.0, -0.4, 0.040, 9.209, -1.756, -1.969, -0.534
0.0, -0.4, 0.036, 9.212, -1.710, -1.924, -0.580
0.0, -0.5, 0.086, 9.210, -1.344, -2.015, -0.534
0.0, -0.5, -0.079, 9.161, -0.779, -2.031, -0.504
0.0, -0.5, 0.209, 9.224, -0.779, -2.122, -0.565
0.0, -0.5, 0.221, 9.218, -1.511, -2.076, -0.458
0.0, -0.6, 0.189, 9.158, -2.260, -1.832, -0.443
0.0, -0.3, -0.060, 9.165, -1.618, -1.618, -0.336
0.0, -0.3, -0.002, 9.153, -0.260, -1.527, -0.214
0.0, -0.3, 0.460, 9.148, -1.298, -1.634, -0.260
0.0, -0.3, 0.960, 9.104, -5.679, -2.046, -0.687
0.0, -0.5, 0.813, 9.673, -11.328, -2.244, -0.519
0.0, -0.3, -0.693, 9.102, -0.153, -1.527, -0.580
0.0, -0.6, 0.376, 9.250, -2.122, -2.092, -1.588
0.0, -0.5, -0.427, 9.085, 0.168, -1.939, -1.084
0.0, -0.7, 0.388, 9.127, 1.725, -2.443, -1.313
0.0, -0.7, 0.262, 9.239, -0.916, -2.702, -1.527
0.0, -0.6, 0.074, 9.189, -1.435, -3.084, -2.046
0.0, -0.7, -0.336, 9.194, -0.962, -3.206, -2.565
0.0, -0.8, -0.306, 9.182, 0.702, -3.527, -2.366
0.0, -0.3, 0.395, 9.078, 1.817, -3.649, -1.695
0.0, -0.7, -0.071, 9.137, 1.466, -3.405, -1.344
0.0, -0.6, -0.406, 8.896, 4.809, -3.237, -1.069
0.0, -0.5, -0.235, 9.190, 8.489, -3.374, -1.099
0.0, -0.4, -0.047, 9.108, 10.290, -3.359, -1.069
0.0, -0.6, 1.330, 8.938, 4.168, -4.611, -2.870
0.0, -0.6, 0.378, 9.142, 1.344, -5.481, -0.153
0.0, -0.5, -0.095, 9.098, 2.092, -5.527, -6.183
0.0, -0.6, 0.346, 8.772, 1.588, -4.687, -7.634
0.0, -2.2, 0.480, 9.212, -0.214, -3.496, -6.794
0.0, -1.7, 0.684, 9.370, -2.794, -5.221, -4.137
0.0, -0.8, 0.388, 9.207, -4.962, -3.893, 0.824
0.0, -0.8, 0.439, 9.056, -6.672, -4.885, 3.893
0.0, 0.6, 0.644, 9.225, -5.847, -3.542, 3.969
0.0, -0.0, 0.085, 9.286, -5.878, -3.237, 1.389
0.0, -0.1, 0.267, 9.177, -6.183, -2.870, -1.527
0.0, -1.4, 0.399, 9.237, -7.496, -1.374, -1.160
0.0, -1.6, 0.096, 9.157, -9.221, -3.481, -1.176
0.0, -1.1, 0.249, 9.179, -8.947, -5.634, 0.336
0.0, 1.3, -0.128, 8.906, -6.824, -3.954, 0.702
0.0, -0.2, -0.457, 9.005, -1.359, 1.176, 0.153
0.0, -2.5, 0.479, 10.003, 0.107, -1.969, -0.641
0.0, -1.3, 0.391, 9.317, -0.198, -5.267, -1.954
0.0, 1.4, -0.576, 8.933, -4.977, -6.519, 0.580
0.0, 2.1, -1.234, 8.888, 1.053, 2.855, 0.534
0.0, -2.5, 1.664, 9.669, 3.282, 0.748, 1.221
0.0, -2.5, 1.152, 9.606, -7.664, -6.534, 1.038
0.0, 2.1, -0.227, 8.873, -9.405, -6.000, 0.611
0.0, 0.6, -0.369, 8.313, -3.710, 4.046, -0.290
0.0, -2.7, 1.152, 9.234, -2.656, 3.588, -2.122
0.0, -1.4, 0.144, 9.718, -6.443, -4.275, -0.840
0.0, 0.6, 0.217, 9.137, -7.740, -1.603, 0.611
0.0, -0.1, -0.445, 9.032, -4.763, -0.916, 1.573
0.0, 0.3, 0.148, 8.993, -2.992, -4.061, 3.740
0.0, 1.9, -0.060, 9.395, -1.573, -0.031, 1.298
0.0, -1.4, 0.069, 9.683, 1.023, 1.557, -0.229
0.0, -1.4, 0.740, 9.178, -2.412, -3.466, -3.878
0.0, 1.4, 0.536, 8.880, -6.489, -4.748, -3.573
0.0, 1.8, -0.662, 8.739, -2.611, 3.038, -2.931
0.0, -2.1, -0.168, 9.213, 2.397, 0.489, -1.328
0.0, -0.8, 0.844, 9.379, -0.061, -3.328, -0.519
0.0, 0.9, 0.133, 9.299, -3.374, -0.443, 0.855
0.0, 0.2, 0.030, 9.031, -2.656, 0.611, 0.962
0.0, -0.4, -0.045, 9.437, -2.031, -1.420, 0.916
0.0, 1.0, 0.166, 9.311, -5.954, -7.817, -1.267
0.0, 2.4, -0.178, 9.135, 4.962, 0.656, 0.611
0.0, 2.2, 0.517, 8.886, 0.061, 3.542, 3.069
0.0, -1.1, 0.204, 9.787, 0.275, 1.634, -0.489
0.0, -0.7, 0.654, 9.281, 0.000, -2.290, -1.084
0.0, 1.7, 0.206, 9.367, -1.084, -0.321, -0.962
0.0, 1.1, -0.244, 9.178, 1.847, 1.924, 0.763
0.0, 0.6, 0.620, 9.483, 1.542, 1.313, 1.511
0.0, 0.8, 1.097, 9.236, -1.176, 1.496, 3.832
0.0, 0.5, 0.200, 9.306, -2.046, 1.450, -0.565
0.0, 0.3, 0.231, 9.251, -1.313, 0.641, -0.107
0.0, 0.3, 0.643, 9.002, -2.672, -0.351, -0.290
0.0, 0.3, 0.559, 8.987, -5.176, -1.053, -0.611
0.0, 0.8, 0.310, 9.148, -5.664, -0.763, -0.870
0.0, 0.8, 0.175, 9.310, -4.977, -0.214, -0.977
0.0, 0.7, -0.187, 9.577, -3.267, 0.565, -1.237
0.0, 0.4, -0.322, 9.805, 0.458, 0.427, 0.550
0.0, 0.6, 0.359, 9.323, -0.580, -0.366, -0.718
0.0, 0.7, 0.666, 8.885, -3.863, 0.137, -1.649
0.0, 0.4, 0.765, 8.897, -6.656, 0.412, -1.817
0.0, -0.2, 0.860, 9.106, -9.664, -2.015, -0.214
0.0, 0.4, 0.555, 9.191, -10.763, -2.550, 2.168
0.0, 1.2, 0.308, 9.327, -8.351, 0.107, 0.718
0.0, -0.2, 0.885, 10.041, -6.366, 1.389, -4.534
0.0, 0.4, -0.134, 9.220, -8.290, 3.863, -6.412
0.0, -2.4, -0.769, 9.378, -7.038, -1.863, -4.855
0.0, 1.8, 0.059, 8.302, -7.557, -3.069, -2.061
0.0, 1.2, -0.830, 9.536, -1.176, -0.305, 1.511
0.0, 0.6, -0.011, 9.179, 1.771, 0.489, 4.000
0.0, -0.6, 0.602, 9.299, 0.550, 0.229, 2.626
0.0, 0.2, 0.699, 9.406, -4.687, -2.626, 2.107
0.0, 1.5, -1.006, 9.576, -2.672, -0.702, -3.252
0.0, -0.2, -0.303, 8.825, 1.328, -0.122, -3.679
0.0, -1.1, 0.533, 8.655, 1.450, -2.351, -1.298
0.0, 0.8, 1.779, 9.612, -1.664, -1.557, 0.366
0.0, 0.9, 0.271, 9.772, -5.328, 1.756, 1.008
0.0, -0.8, -0.925, 9.427, -3.359, -1.206, -3.634
0.0, -0.2, -0.300, 8.624, 1.252, -1.435, -2.565
0.0, 0.2, 1.360, 9.385, -0.397, 0.458, -2.183
0.0, -0.8, -0.053, 9.327, -3.985, 1.267, -1.756
0.0, 0.3, -0.709, 9.238, -1.893, -2.046, -3.740
0.0, -0.5, -0.235, 8.589, 1.282, -1.664, -2.855
0.0, -0.5, 0.710, 9.218, 2.947, 0.489, -0.061
0.0, -0.4, -0.035, 9.531, 3.176, -0.504, 0.473
0.0, -0.5, -0.642, 9.183, 4.794, -1.084, -2.901
0.0, -1.2, -0.077, 8.088, 6.855, -3.740, -3.191
0.0, 0.8, 1.519, 9.382, 3.908, -0.275, -1.985
0.0, -1.7, 0.741, 9.725, 3.740, -0.626, -1.939
0.0, -1.2, -0.806, 9.129, 1.389, -3.221, -3.786
0.0, -0.5, 0.517, 8.262, 2.244, -5.206, -0.198
0.0, 0.2, 0.652, 9.651, -1.206, -1.313, -2.305
0.0, -1.5, 1.794, 9.559, -5.298, 0.626, -4.595
0.2, -1.5, -1.555, 9.391, -3.542, -3.038, -4.412
0.2, -1.7, 0.607, 8.206, 0.321, -5.450, -2.519
0.2, -0.3, 0.012, 8.843, -2.260, -7.710, -1.237
0.2, -0.4, 2.120, 10.521, -3.878, -0.672, -0.885
0.2, -1.8, -1.464, 9.592, -4.977, -0.794, -2.702
0.2, -2.3, -0.206, 8.351, 0.321, -4.794, -3.802
0.2, -1.5, 0.974, 8.527, -2.229, -5.450, -1.359
0.2, 0.2, -0.141, 8.888, -2.763, -1.679, -0.824
0.2, -1.6, -0.109, 10.060, -0.214, -0.550, 0.550
0.2, -1.7, 0.785, 9.710, -3.527, -2.244, -2.840
0.2, -1.9, -0.176, 8.484, -3.206, 0.198, -4.076
0.2, -4.5, 1.210, 8.678, -5.206, -5.176, -3.710
0.2, -1.0, 0.389, 8.982, -6.962, -6.214, -2.412
0.2, -0.9, -0.018, 9.419, -4.412, -2.305, -1.496
0.2, -2.2, -0.055, 9.014, -2.687, -0.214, -1.282
0.2, -4.3, -0.703, 9.030, -2.076, -3.664, -3.847
0.2, -1.6, 1.305, 8.860, -4.214, -6.809, 0.443
0.2, -1.0, 0.092, 8.917, -6.382, -3.542, -0.641
0.2, -1.8, -0.037, 9.427, -4.534, -3.954, -0.595
0.2, -1.5, 0.181, 9.232, -2.672, -3.802, 0.214
0.2, -1.1, 0.237, 9.098, -3.695, -2.427, -0.183
0.2, -1.7, 0.220, 9.130, -4.168, -2.504, -0.565
0.2, -2.4, 0.433, 9.124, -5.725, -3.985, -1.084
0.2, -2.1, 0.620, 8.911, -9.603, -4.763, -1.496
0.2, -1.6, 0.820, 8.824, -14.168, -5.145, -1.084
0.2, -1.5, 0.310, 9.385, -16.198, -4.779, -0.183
0.2, -1.5, -0.166, 9.465, -1.725, -4.305, 2.122
0.2, -0.7, 0.997, 9.707, -1.450, -2.718, 4.733
0.2, -1.1, 0.166, 8.965, -7.176, -4.458, -0.748
0.2, -0.5, -0.478, 9.218, -3.664, -2.504, 3.802
0.2, -0.7, -0.024, 8.915, -3.893, -2.824, -0.229
0.2, -0.7, -1.136, 9.450, -0.718, -5.466, 0.565
0.2, -1.3, 0.402, 9.039, 1.542, -2.427, 2.794
0.2, -1.0, 0.595, 9.510, -2.092, -2.397, 0.107
0.2, -1.5, 0.553, 9.102, -4.366, -3.435, -2.427
0.2, -0.5, -0.108, 9.374, -3.924, -4.046, -4.931
0.2, 0.4, -0.260, 8.926, -0.809, 0.321, -2.794
0.2, -2.0, 0.102, 8.611, -0.855, -2.702, -0.015
0.2, -1.2, 0.815, 9.870, 3.817, -2.626, 3.496
0.2, -0.4, 0.863, 9.286, -0.489, -3.511, 1.969
0.2, -0.1, -0.633, 9.165, -2.168, -1.893, -0.748
0.2, 0.3, 0.142, 8.522, -1.557, -0.198, -2.290
0.2, -1.6, -0.061, 9.213, -2.901, -1.908, -2.534
0.2, -1.2, 0.730, 9.646, -0.351, -2.824, 1.954
0.2, 0.1, -0.024, 9.165, -2.321, -2.229, 1.695
0.2, -0.6, 0.069, 8.928, -1.008, 0.015, -0.733
0.2, -0.5, 0.273, 8.632, -2.565, -2.733, -2.382
0.2, -1.0, 0.698, 10.102, -1.649, -2.061, 1.267
0.2, -1.0, 0.395, 9.048, -4.611, -3.710, 3.237
0.2, 1.5, 0.199, 9.237, -3.817, -1.985, 1.649
0.2, -0.6, 0.251, 8.663, -4.382, 0.809, -2.183
0.2, -1.0, -0.231, 9.294, -3.954, -3.008, -0.885
0.2, 1.0, -0.090, 9.100, -4.031, -7.328, 1.557
0.2, 0.6, -0.310, 9.183, -0.351, 1.573, 1.786
0.2, -0.8, 0.035, 8.856, -1.557, -1.298, -2.702
0.2, -0.6, 0.411, 9.531, -3.099, -1.817, -1.405
0.2, -0.5, 0.393, 9.256, -4.473, -4.000, -0.229
0.2, 1.2, -0.286, 9.222, -4.321, -3.618, 1.115
0.2, 1.5, -0.366, 8.696, 0.565, 2.977, -0.794
0.2, -1.1, 0.304, 8.837, 0.916, -0.107, -1.405
0.2, -0.2, 1.113, 9.750, -1.649, -0.107, 0.947
0.2, 0.9, 0.506, 9.770, -4.153, -4.214, 2.992
0.2, 2.1, -0.221, 9.292, -4.076, 1.771, 1.771
0.2, 1.1, 0.532, 8.996, -1.206, 1.771, -0.656
0.2, 0.6, 0.729, 9.081, -4.000, 1.466, -2.275
0.2, -0.4, 1.056, 9.230, -6.168, -1.282, -0.916
0.2, 1.8, 1.271, 8.768, -12.885, -0.809, -1.496
0.2, 1.5, -1.580, 10.031, -7.588, 1.603, 1.481
0.2, -0.7, 0.401, 9.469, -4.382, -0.656, 5.008
0.2, 4.4, -0.335, 9.240, -3.832, -3.740, 3.405
0.2, 3.2, -0.229, 9.146, -0.046, 4.794, -2.198
0.2, -0.6, 0.634, 9.396, -0.870, 0.214, -1.649
0.2, 0.8, 1.094, 9.458, -6.290, -2.122, -0.779
0.2, 2.0, 0.150, 9.111, -6.107, 0.305, -0.550
0.2, 0.7, 0.180, 9.166, -3.756, 0.458, -0.092
0.2, 0.3, 0.509, 9.209, -4.809, -0.840, -0.290
0.2, 0.8, -0.184, 9.482, -4.489, -1.130, -0.443
0.2, 1.0, -0.298, 9.252, -1.786, -0.183, -0.458
0.2, 0.2, 0.332, 9.418, -2.656, -0.824, -0.916
0.2, 0.2, 0.263, 9.452, -4.351, -1.557, -0.977
0.2, 0.7, 0.028, 9.228, -4.076, -0.992, -0.809
0.2, 0.0, 0.207, 9.002, -4.198, -0.992, -0.473
0.2, -0.2, 0.206, 8.997, -4.382, -1.817, -0.733
0.2, -0.4, -0.458, 9.234, -3.542, -3.344, -3.634
0.2, -0.1, 0.054, 9.254, -0.366, -4.015, 1.069
0.2, -0.1, 0.093, 8.614, 0.351, -3.038, 3.863
0.2, -0.8, 0.340, 9.129, 1.023, -2.000, -3.649
0.2, -1.8, 0.516, 9.758, 0.015, -2.092, -6.855
0.2, -1.7, 0.293, 9.481, -3.221, -2.824, -5.557
0.2, -2.3, 0.120, 8.902, -4.031, -4.611, -4.305
0.2, -0.5, 0.297, 8.317, -4.565, -3.908, 2.275
0.2, -0.6, -0.146, 9.014, -2.473, -1.695, 1.420
0.2, -1.9, 0.441, 9.506, -1.466, -0.122, 3.802
0.2, -3.6, 0.181, 9.327, -2.794, -2.489, -2.519
0.2, -2.0, 0.068, 8.780, -4.580, -2.458, -2.168
0.2, -2.1, 0.134, 8.963, -3.527, -2.718, -3.206
0.2, -1.7, 0.368, 8.977, -4.992, -3.420, 3.863
0.2, -0.9, -0.050, 9.218, -3.939, -3.176, -3.908
0.5, -1.2, 0.156, 9.288, -3.496, -2.916, -3.908
0.5, -1.5, 0.160, 9.067, -3.954, -3.344, 0.107
0.5, -0.8, -0.073, 9.123, -3.603, -2.962, 0.244
0.5, -1.0, -0.304, 9.133, -2.962, -2.321, 0.229
0.5, -1.0, 0.150, 9.238, -2.534, -2.229, 0.412
0.5, -0.8, -0.142, 9.239, -1.939, -1.664, 1.511
0.5, -1.3, 0.448, 9.313, -2.290, -2.885, 0.473
0.5, -0.2, -0.024, 9.361, -2.107, -2.260, 3.573
0.5, -0.2, -0.063, 9.060, -0.977, -0.397, -1.908
0.5, -0.7, 0.366, 9.014, -1.389, -0.458, -2.626
0.5, -0.5, 0.449, 9.069, -3.267, -0.672, -2.626
0.5, -0.8, -0.056, 9.212, -1.466, -2.122, -0.489
0.5, 0.1, 0.242, 8.990, -0.595, -1.756, -3.695
0.5, -0.0, 0.350, 8.963, -0.443, -2.061, 1.740
0.5, 0.5, 0.454, 9.273, -0.550, -1.099, 0.153
0.5, 0.1, 0.520, 9.652, 0.198, -1.511, 5.115
0.5, -0.0, 0.403, 9.450, -3.557, -5.115, 6.122
0.5, 2.8, -0.412, 9.218, -3.221, -2.122, -3.282
0.5, 0.5, -0.359, 8.991, 0.855, 1.863, -6.550
0.5, -1.8, 0.816, 9.377, -0.824, -2.672, -5.695
0.5, 0.3, 0.547, 9.261, -5.664, -2.611, -7.237
0.5, -0.0, -0.243, 8.975, -1.939, -2.412, -1.435
0.5, 0.5, -0.189, 9.142, 1.328, -3.084, 0.214
0.5, 0.0, -0.022, 9.322, 3.466, -2.550, -0.244
0.5, 0.4, -0.462, 9.295, 6.611, -1.695, -0.580
0.5, -0.7, 0.134, 9.456, 9.405, -0.611, -0.366
0.5, -1.5, 1.753, 8.612, 1.908, -2.519, -1.115
0.5, -1.0, 0.589, 8.969, -2.947, -3.206, -1.313
0.5, -0.9, -0.119, 9.063, -2.580, -3.573, -2.321
0.5, -0.7, 0.357, 9.143, -0.641, -5.176, -1.679
0.5, 0.1, 0.447, 9.057, -1.420, -3.939, -0.137
0.5, 0.3, 0.351, 9.145, -2.260, -2.656, 1.206
0.5, -1.3, 0.412, 9.306, -2.229, -1.328, 2.656
0.5, -1.5, 0.946, 9.401, -5.267, -3.084, 1.542
0.5, -0.8, 0.435, 9.391, -6.870, -3.603, -1.252
0.5, 0.2, 0.127, 8.803, -7.725, -5.664, -1.847
0.5, 0.7, -0.383, 9.261, -4.534, -3.527, -2.565
0.5, 0.2, -0.230, 9.054, -1.252, -1.405, -2.153
0.5, -1.6, 0.788, 9.401, -3.481, -2.092, -3.252
0.5, -1.0, 0.385, 9.366, -5.969, -3.130, -3.252
0.5, -0.2, 0.311, 9.014, -7.496, -5.969, -2.260
0.5, 1.5, -0.685, 8.661, -7.771, -1.420, -0.565
0.5, -1.6, 0.028, 9.319, 0.733, -0.351, -0.901
0.5, -1.4, 0.672, 9.736, 0.611, -3.237, 0.397
0.5, -0.7, 0.508, 9.473, -1.695, -4.382, 1.099
0.5, 1.3, -0.150, 9.166, -1.053, -6.382, 0.321
0.5, 1.0, -0.400, 9.188, 2.565, 0.061, -0.855
0.5, -1.4, 0.117, 9.766, 5.496, -2.382, -3.115
0.5, -0.2, 1.463, 9.386, -3.023, -2.870, -4.046
0.5, -0.3, 0.713, 8.686, -4.473, -5.695, -0.931
0.5, 2.0, -0.239, 8.740, -3.389, -1.618, -1.771
0.5, -0.4, 0.406, 9.161, 0.550, 1.634, -2.931
0.5, -2.2, 0.620, 9.851, -2.275, -3.069, -1.160
0.5, -0.8, 0.530, 9.449, -2.672, -4.153, 0.122
0.5, 0.5, -0.102, 8.703, -2.519, -5.374, 0.076
0.5, 1.1, -0.079, 8.631, 0.183, -1.695, -0.290
0.5, -1.3, 0.353, 9.401, 0.809, -1.969, 1.206
0.5, -1.7, 0.518, 9.667, -1.038, -4.916, 1.069
0.5, -0.5, 0.751, 9.311, -1.740, -4.733, -0.916
0.5, 0.2, 0.558, 8.750, -4.962, -6.748, -1.069
0.5, 1.8, 0.176, 9.109, -2.992, -1.221, -2.672
0.5, -1.5, 0.576, 9.615, -3.176, -1.145, -2.534
0.5, -0.8, 1.174, 9.342, -5.771, -2.763, -1.664
0.5, -1.0, 0.524, 8.997, -6.809, -4.214, -0.702
0.5, 1.4, 0.024, 8.811, -8.641, -4.962, -1.359
0.5, 0.8, -0.700, 9.056, -3.053, -0.229, -1.985
0.5, -2.0, 0.794, 9.641, -0.290, -1.649, -0.351
0.5, -1.3, 0.770, 9.403, -4.687, -4.794, 1.985
0.5, 0.3, 0.099, 9.122, -6.840, -6.626, 2.702
0.5, 2.3, -0.330, 8.993, -4.595, -1.557, 0.305
0.5, -1.2, 0.381, 9.261, -0.198, 3.649, -0.733
0.5, -1.5, 1.143, 9.892, -0.534, -3.374, -3.252
0.5, -0.4, 0.329, 9.171, -6.290, -4.641, -2.901
0.5, 1.5, -0.442, 8.538, -4.366, -4.107, -2.000
0.5, 1.8, -0.370, 8.842, -1.130, 2.412, -2.641
0.5, -2.5, 0.883, 9.726, -0.901, 0.031, -1.618
0.5, -1.4, 0.848, 9.403, -6.931, -3.908, -2.031
0.5, -0.4, 0.083, 9.129, -5.359, -6.672, 1.053
0.5, 2.4, -0.187, 8.526, -1.832, -2.321, -0.977
0.5, 0.0, -0.268, 9.054, 2.153, 2.275, 0.443
0.5, -3.0, 1.243, 9.851, -2.595, -4.031, -0.031
0.5, -0.6, 1.026, 9.528, -7.313, -5.527, -0.779
0.5, 1.3, -0.578, 8.758, -5.511, -5.878, -1.374
0.5, 2.1, -0.473, 8.728, -0.718, 0.809, -2.656
0.5, -1.5, 0.360, 9.504, 0.443, 1.160, -2.366
0.5, -1.7, 0.893, 9.708, -3.740, -2.611, -2.901
0.5, -0.7, 0.078, 9.090, -5.573, -4.885, -1.924
0.5, 1.5, -0.115, 8.614, -2.702, -3.466, -1.756
0.5, 0.3, -0.105, 8.738, 0.595, 2.168, -2.840
0.5, -2.7, 0.833, 9.639, -1.542, -2.763, -0.626
0.5, -1.5, 1.015, 9.588, -4.931, -5.328, 1.069
0.5, 0.4, -0.247, 8.897, -5.924, -7.359, 1.893
0.5, 2.3, -0.625, 8.493, -1.710, 1.084, -0.458
0.5, -1.5, 0.055, 9.293, 0.412, -1.420, -1.603
0.5, -2.3, 1.683, 9.899, -0.443, -6.595, -1.527
0.5, 0.0, 0.458, 9.335, -8.977, -4.168, -1.527
0.5, 3.2, -1.392, 8.333, -4.046, 5.160, -3.695
0.5, -1.4, 0.126, 9.153, 0.473, 0.290, -1.450
0.0, -2.8, 1.058, 9.723, -6.031, -3.542, -0.092
0.0, -0.4, -0.352, 9.656, -6.000, -1.664, -0.046
0.0, -0.3, 0.353, 8.866, -2.000, -3.405, 1.725
0.0, -0.9, 0.619, 8.880, -3.069, -5.389, 3.053
0.0, 2.3, -0.231, 9.281, -4.656, 0.885, 0.137
0.0, -0.9, -0.189, 9.540, -0.244, -1.847, -0.992
0.0, -2.2, 1.280, 9.227, -5.802, -5.023, -2.656
0.0, 2.9, -0.095, 8.859, -8.168, 2.214, -3.786
0.0, -0.7, -0.754, 9.098, 0.305, 0.336, -2.336
0.0, -2.2, 1.457, 9.380, -1.832, -2.534, -0.565
0.0, -0.6, 0.584, 9.093, -5.740, -3.267, 1.374
0.0, -1.0, -0.201, 9.161, -2.534, -6.473, 3.389
0.0, 2.0, 0.273, 9.085, -3.359, -1.359, 1.756
0.0, 2.1, -0.989, 9.056, 0.672, 1.771, -3.847
0.0, -2.6, 0.587, 9.780, 0.351, -2.504, -5.206
0.0, -1.0, 0.599, 9.598, -6.031, -2.855, -4.244
0.0, -0.4, -0.405, 8.878, -2.107, -2.305, -1.573
0.0, -0.2, 1.003, 9.038, -0.366, -4.305, 2.305
0.0, 1.3, 0.391, 8.801, -0.290, -1.176, 1.832
0.0, -1.1, 0.382, 10.004, -3.893, -3.496, 0.107
0.0, -0.3, 0.508, 9.519, -4.641, -2.092, -1.634
0.0, 0.1, -0.221, 8.787, -3.954, -2.641, -0.046
0.0, -0.9, -0.066, 9.134, -3.282, -4.550, -2.260
0.0, 1.6, -0.142, 8.672, 1.511, 1.023, -2.794
0.0, -1.3, 0.202, 9.716, 2.336, -2.885, 1.573
0.0, -1.8, 1.194, 9.418, -0.656, -4.580, 3.649
0.0, 1.6, 0.514, 9.234, -2.885, 0.809, 3.786
0.0, -0.1, -0.303, 8.906, -2.336, -2.504, -0.427
0.0, -1.5, 0.889, 9.276, -1.420, -3.847, -1.786
0.0, -1.0, -1.080, 9.747, -3.664, 0.427, -4.260
0.0, -1.4, 0.516, 9.335, 3.008, -3.191, -0.076
0.0, 0.3, 0.576, 9.129, 0.382, -0.870, 1.466
0.0, -0.9, 0.692, 9.096, -2.458, -2.244, 4.260
0.0, 1.6, 0.219, 9.088, -2.809, -2.427, 1.832
0.0, -0.1, 0.014, 9.079, -1.771, 2.473, -2.809
0.0, -2.1, 0.382, 9.287, -3.221, -2.977, -3.557
0.0, 1.0, 0.170, 9.424, -1.893, -1.130, -2.641
0.0, -0.0, 0.212, 9.255, -1.893, 3.756, 1.099
0.0, 1.1, 0.558, 9.074, -2.840, -1.618, 3.740
0.0, 0.4, 0.150, 9.220, -5.206, 2.534, 1.038
0.0, -1.8, 0.893, 9.307, -5.252, -1.664, -1.328
0.0, 1.1, 0.045, 8.967, -7.115, 0.794, -2.397
0.0, -0.7, -0.243, 9.228, -3.466, -0.824, -2.382
0.0, 0.6, 0.924, 9.403, -4.107, -5.740, -0.168
0.0, 4.2, -0.231, 8.802, -7.069, 5.389, 0.794
0.0, -1.0, -0.138, 9.826, -0.809, 1.420, 1.847
0.0, -1.1, 0.717, 9.646, -6.580, -3.649, 2.458
0.0, 3.6, -0.050, 9.494, -5.664, 1.176, 1.130
0.0, 0.5, 0.742, 9.475, -3.618, 2.718, 0.092
0.0, -0.2, 0.617, 9.097, -6.672, -1.511, -0.183
0.0, 1.8, 0.597, 9.264, -6.931, -2.779, -0.824
0.0, 2.8, -0.224, 9.236, -5.145, -0.015, -0.473
0.0, 1.5, 0.250, 9.377, -3.008, -0.458, 0.000
0.0, 1.3, -0.181, 9.249, -2.763, -0.275, -0.458
0.0, 0.8, 0.439, 9.282, -2.031, -0.153, -0.885
0.0, 0.6, 0.560, 9.172, -3.649, -0.565, 0.443
0.0, 0.8, 0.363, 9.262, -4.168, -0.427, 0.489
0.0, 0.9, 0.168, 9.207, -3.863, 0.473, 0.198
0.0, 0.6, 0.199, 9.145, -3.115, 0.183, -1.023
0.0, 0.6, 0.462, 9.165, -3.237, -0.550, -1.832
0.0, 0.9, 0.540, 9.218, -4.198, -0.534, -1.771
0.0, 0.7, 0.801, 9.282, -4.931, -0.733, -1.603
0.0, 0.7, 0.601, 9.242, -6.489, -1.145, -1.435
0.0, 0.5, -0.208, 9.146, -5.405, -2.107, -2.183
0.0, 0.5, -0.269, 9.122, -3.817, -2.183, -1.374
0.0, 0.3, -0.414, 9.260, -2.092, -1.725, 0.992
0.0, 0.5, -0.050, 9.276, 1.466, -0.214, 4.137
0.0, -0.8, 1.120, 8.957, -1.435, -0.977, 3.344
0.0, -1.3, 1.702, 9.316, -5.221, -3.847, -6.992
0.0, 0.4, -0.674, 9.166, -7.237, 0.458, -4.107
0.0, -3.1, -0.176, 8.985, -2.397, -5.237, -2.534
0.0, 0.8, 0.632, 8.836, -4.122, -5.542, 0.641
0.0, 1.9, -0.960, 9.397, -0.733, 1.069, 3.557
0.0, -0.5, -0.293, 9.580, 3.542, 1.389, 3.771
0.0, 0.3, 0.818, 9.029, 0.275, 3.176, 2.092
0.0, -4.4, 1.201, 9.021, -5.191, -2.229, -1.069
0.0, -0.3, 0.673, 9.131, -7.893, -6.733, -4.366
0.0, 2.6, -0.443, 9.300, -4.656, 0.916, -2.840
0.0, -2.3, -0.170, 9.128, 0.718, -1.542, -1.496
0.0, -1.1, 0.763, 9.227, -2.580, -5.237, -0.641
0.0, 1.1, 0.013, 9.210, -5.344, -3.832, 0.626
0.0, -1.5, -0.691, 9.221, 0.260, 2.244, 0.305
0.0, -3.1, 0.250, 8.984, -0.412, -6.565, -0.855
0.0, 1.0, 0.321, 9.361, -2.718, -5.237, -2.794
0.0, 0.8, -0.605, 9.341, 0.504, 1.405, -2.916
0.0, -4.5, 0.437, 9.351, 0.656, -1.542, -2.550
0.0, -3.1, 0.384, 8.844, -3.893, -8.229, -3.542
0.0, 1.5, -0.238, 8.977, -3.160, -4.947, -2.565
0.0, -1.2, -0.298, 9.294, 1.893, -1.924, -1.405
0.0, -3.8, -0.032, 9.360, 2.122, -1.099, -1.679
0.0, -2.7, 0.260, 9.141, 0.763, -4.382, -1.206
0.0, -1.4, 0.881, 8.970, 1.023, -7.679, -2.351
0.0, -1.7, 0.204, 8.866, -0.733, -4.397, -1.023
0.0, -1.8, 0.221, 9.431, -0.885, -4.336, -1.176
0.0, -1.7, 0.162, 9.467, -0.809, -4.198, -0.366
0.0, -1.4, 0.415, 8.972, -1.573, -3.038, -0.107
0.0, -1.8, 0.840, 9.097, -2.809, -3.878, 1.466
0.0, -2.1, 0.794, 9.027, -5.053, -7.603, 3.053
0.0, -1.6, 0.297, 9.102, -4.992, -3.527, -0.763
0.0, -2.7, 0.239, 9.212, -4.565, -4.275, -5.206
0.0, -2.0, -0.394, 9.391, -9.420, -5.588, -9.130
0.0, -1.6, -1.057, 9.533, 0.382, -5.786, -4.901
0.0, -0.5, -0.138, 9.091, 2.290, -4.656, 0.687
0.0, 0.1, 0.520, 8.525, 0.473, -3.405, -1.221
0.0, -1.5, -0.217, 9.725, 2.702, 2.962, -2.992
0.0, -3.0, 0.444, 9.951, 2.962, -3.557, -5.771
0.0, -0.5, 0.450, 9.628, 1.985, -1.802, -0.840
0.0, -0.4, 0.279, 8.462, 2.382, 0.656, -0.611
0.0, -1.5, 1.176, 8.639, -2.321, -2.153, -0.687
0.0, -1.0, -0.530, 9.651, -3.008, -0.565, -2.794
0.0, 0.1, -0.079, 10.149, 3.969, -1.237, 3.588
0.0, -1.2, 1.759, 8.653, -2.840, 0.824, 3.328
0.0, -1.4, 0.037, 9.130, -7.740, -0.397, -0.473
0.0, 1.1, 0.362, 9.280, -4.519, 2.977, 4.779
0.0, -1.1, 1.009, 9.869, -7.038, 3.206, 3.038
0.0, -0.3, 0.184, 8.588, -14.168, -1.176, -3.511
0.0, 0.5, 0.679, 9.391, -10.107, -3.160, -3.740
0.0, 0.4, 0.458, 9.374, -11.084, 2.550, 3.542
0.0, 1.6, -0.372, 9.073, -11.771, 0.015, -4.947
0.0, 1.0, -1.930, 9.239, -0.931, 3.267, -3.985
0.0, 1.6, 1.629, 8.890, -3.237, 6.779, 3.939
0.0, 2.1, 0.499, 9.166, -12.198, 1.496, 2.534
0.0, 2.6, -0.421, 9.226, -5.542, 5.130, -1.435
0.0, 2.2, 0.791, 9.850, 0.992, 7.160, 0.672
0.0, 1.2, 2.245, 9.158, -8.412, 1.145, 2.626
0.0, 3.6, 0.302, 9.224, -14.366, 2.962, 1.466
0.0, 3.1, -0.824, 8.979, -11.420, 1.435, 0.580
0.0, 2.8, 0.482, 9.120, -5.618, 3.023, -1.924
0.0, 4.0, 0.195, 9.492, -4.137, -2.595, -1.450
0.0, 2.6, -0.193, 9.549, -1.924, 1.038, -2.473
0.0, 1.0, -0.022, 9.662, -2.000, -1.267, -1.695
0.0, 1.5, 0.170, 9.477, -4.947, -0.870, -0.748
0.0, 1.8, -0.267, 9.134, -3.603, -0.321, 0.885
0.0, 1.6, -0.212, 9.324, -1.542, -0.107, 2.473
0.0, 1.5, -0.059, 9.262, -0.931, 0.122, 2.595
0.0, 1.3, -0.017, 9.169, 0.733, -0.244, 2.015
0.0, 1.2, 0.605, 9.141, 0.412, -1.542, 1.344
0.0, 0.5, 1.712, 9.258, -2.809, -1.237, -1.221
0.0, 1.2, 0.837, 9.455, -5.695, -0.809, -3.191
0.0, 0.4, -0.597, 9.467, -4.626, -1.145, -3.573
0.0, 0.4, -0.107, 9.139, -2.794, -0.763, -0.244
0.0, 0.5, 0.207, 9.418, -1.450, 0.290, 2.275
0.0, 0.2, 0.929, 8.983, -1.954, -1.542, 1.725
0.0, 0.7, 2.094, 9.042, -9.603, -2.015, -0.168
0.0, 0.9, -1.256, 9.207, -6.076, -2.427, -1.221
0.0, 0.7, -1.070, 9.480, -0.046, 0.885, 1.725
0.0, -1.0, 0.565, 9.092, -0.870, -2.641, 2.809
0.0, -0.2, 1.785, 9.197, -3.878, -4.809, -2.260
0.0, 1.5, -0.383, 9.297, -8.672, -3.466, -2.031
0.0, -0.8, -0.687, 9.280, -2.168, -1.878, 0.611
0.0, -1.1, -0.529, 9.073, 0.336, -1.725, 2.351
0.0, -0.9, 0.994, 9.323, 0.962, -5.664, -2.305
0.0, -0.2, 1.336, 9.194, -5.756, -4.855, -4.198
0.0, 0.1, -1.323, 8.935, -7.664, -3.160, -0.962
0.0, -0.1, -0.962, 9.227, 2.565, -0.565, 0.275
0.0, -1.7, -0.042, 9.349, 5.191, -0.260, 1.924
0.0, -2.8, 2.108, 8.950, -1.710, -4.092, -4.153
0.0, 1.5, 1.209, 9.026, -7.908, -1.634, -3.466
0.0, -0.9, -0.779, 8.666, -4.015, -1.374, -0.397
0.0, -1.5, -0.516, 9.519, -3.771, -1.832, 1.389
0.0, -0.3, 0.892, 9.255, 2.046, -1.267, 0.321
0.0, -2.6, 1.593, 8.801, -6.107, -7.618, -0.992
0.0, 0.4, 0.505, 9.194, -9.588, -0.336, -2.840
0.0, -0.9, -0.558, 9.145, -6.702, -2.229, -1.176
0.0, -1.2, -0.071, 9.304, -4.092, -1.588, 0.550
0.0, 0.2, -0.267, 9.369, -3.664, 0.336, 1.863
0.0, -0.8, 0.011, 9.135, 0.260, -0.931, 1.069
0.0, 0.2, 1.340, 9.122, -3.206, 2.260, -0.137
0.0, -3.7, 0.877, 9.096, -7.588, -3.588, -1.969
0.0, -0.1, 0.172, 9.153, -8.443, -3.008, -0.458
0.0, 1.3, -0.308, 9.491, -4.595, -0.504, -1.527
0.0, -0.6, 0.239, 8.942, -5.069, -0.962, -0.275
0.0, -0.6, -0.449, 9.324, -2.748, 0.702, 0.305
0.0, 1.2, 0.485, 9.276, -3.756, 3.374, -1.237
0.0, -3.8, -0.013, 9.097, -2.809, -6.107, 2.031
0.0, -0.5, 1.165, 8.838, -5.298, -6.992, -0.260
0.0, 2.9, 0.570, 9.264, -6.137, 3.603, -2.397
0.0, -0.5, -0.329, 9.419, -3.939, -0.794, 1.130
0.0, -2.1, 0.122, 9.046, -4.015, -4.412, -0.687
0.0, 1.5, 0.686, 9.434, -7.237, 1.832, -1.557
0.0, -1.8, -1.214, 9.129, -3.954, -2.168, 1.389
0.0, -1.0, 0.652, 9.190, -1.893, -4.458, 1.160
0.0, 1.1, 0.309, 9.316, -4.779, -0.962, 0.718
0.0, 0.9, 0.142, 8.959, -2.382, -0.397, 0.092
0.0, -0.2, 0.037, 9.319, -2.351, 0.718, -3.038
0.0, -0.5, -0.007, 9.214, -4.198, 0.458, -3.450
0.0, -5.0, 0.599, 8.890, -5.573, -9.542, -2.122
0.0, -0.8, 1.119, 8.841, -11.298, -6.824, -0.351
0.0, 1.4, 0.466, 9.418, -15.557, -6.992, 1.313
0.0, -0.4, -1.214, 9.523, -12.611, -2.672, 2.840
0.0, -0.8, -0.632, 9.001, -3.252, -2.702, 0.397
0.0, 0.2, -0.527, 8.551, -3.405, -2.962, -3.573
0.0, -0.4, -0.980, 8.803, 1.832, 3.023, -2.534
0.0, -3.6, -3.160, 9.066, 11.359, 0.824, -1.282
0.0, -1.9, -0.138, 9.577, 21.649, -3.710, -0.031
0.0, -0.0, 4.305, 8.697, -1.084, -0.992, -1.847
0.0, 0.8, -0.016, 9.388, -8.748, 2.595, -1.374
0.0, -1.3, -1.359, 9.213, 0.061, 0.275, -0.427
0.0, -3.4, 1.282, 9.001, 0.687, -3.511, -0.427
0.0, -0.9, 0.133, 8.938, -6.061, -0.794, 0.000
0.0, -1.5, -1.022, 9.324, -2.244, -2.718, -0.031
0.0, -1.6, 0.104, 9.170, -1.191, -3.679, -0.489
0.0, 0.2, 0.251, 9.032, -2.473, -1.450, -0.916
0.0, -0.7, 0.055, 9.181, -2.397, -1.725, -0.183
0.0, -0.4, 0.257, 9.391, -2.794, -2.611, 0.122
0.0, 0.1, -0.298, 9.499, -2.687, -1.985, -0.122
0.0, -0.1, 0.281, 9.117, -2.397, -1.771, -0.458
0.0, -0.2, 0.166, 9.183, -1.878, -1.924, -0.489
0.0, -0.1, 0.344, 9.257, -2.519, -2.015, -0.565
0.0, -0.0, 0.273, 9.280, -2.626, -1.588, -0.534
0.0, -0.1, 0.195, 9.106, -2.702, -1.832, -0.260
0.0, -0.0, 0.067, 9.147, -2.855, -1.802, -0.244
0.0, 0.0, 0.072, 9.269, -2.611, -1.664, -0.336
0.0, -0.1, 0.148, 9.225, -2.824, -1.740, -0.550
0.0, -0.1, 0.174, 9.127, -2.672, -1.832, -0.565
0.0, 0.0, 0.176, 9.212, -2.870, -1.664, -0.382
0.0, -0.1, 0.194, 9.246, -2.916, -1.618, -0.489
0.0, -0.1, 0.138, 9.193, -2.840, -1.695, -0.504
0.0, -0.2, 0.092, 9.129, -2.916, -1.573, -0.718
0.0, -0.3, 0.158, 9.254, -2.672, -1.603, -0.763
0.0, -0.3, 0.144, 9.230, -2.870, -1.695, -0.550
0.0, -0.4, 0.169, 9.179, -2.840, -1.649, -0.427
0.0, -0.3, 0.152, 9.185, -2.916, -1.725, -0.519
0.0, -0.3, 0.121, 9.178, -2.641, -1.893, -0.672
0.0, -0.2, 0.136, 9.207, -2.794, -1.740, -0.565
0.0, -0.2, 0.157, 8.894, -2.840, -1.832, -0.397
0.0, -0.2, 0.130, 9.169, -2.763, -1.740, -0.504
0.0, -0.2, 0.095, 9.246, -2.763, -1.664, -0.504
0.0, -0.2, 0.098, 9.191, -2.733, -1.603, -0.504
0.0, -0.2, 0.151, 9.140, -2.855, -1.710, -0.565
0.0, -0.2, 0.172, 9.205, -2.840, -1.679, -0.580
0.0, -0.3, 0.159, 8.894, -2.855, -1.710, -0.611
0.0, -0.3, 0.184, 8.897, -2.733, -1.634, -0.550
0.0, -0.3, 0.158, 9.207, -2.840, -1.771, -0.443
0.0, -0.4, 0.095, 9.176, -2.824, -1.756, -0.427
0.0, -0.3, 0.116, 9.237, -2.840, -1.847, -0.504
0.0, -0.2, 0.154, 9.194, -2.687, -1.740, -0.504
0.0, -0.2, 0.162, 9.161, -2.824, -1.802, -0.382
0.0, -0.2, 0.201, 9.244, -2.687, -1.695, -0.580
0.0, -0.2, 0.194, 9.205, -2.870, -1.679, -0.595
0.0, -0.2, 0.164, 9.164, -2.840, -1.710, -0.489
0.0, -0.3, 0.104, 9.254, -2.931, -1.664, -0.427
0.0, -0.3, 0.119, 9.224, -2.794, -1.725, -0.656
0.0, -0.3, 0.166, 9.179, -2.809, -1.756, -0.473
0.0, -0.3, 0.181, 9.200, -2.855, -1.725, -0.519
0.0, -0.3, 0.165, 9.173, -2.794, -1.740, -0.443
0.0, -0.3, 0.156, 9.214, -2.779, -1.802, -0.473
0.0, -0.3, 0.145, 9.214, -2.855, -1.756, -0.550
0.0, -0.3, 0.111, 9.226, -2.733, -1.679, -0.504
0.0, -0.3, 0.104, 9.169, -2.947, -1.786, -0.580
0.0, -0.2, 0.109, 9.142, -2.641, -1.847, -0.412
0.0, -0.2, 0.217, 9.226, -2.840, -1.695, -0.458
0.0, -0.2, 0.152, 9.179, -2.763, -1.649, -0.458
0.0, -0.2, 0.136, 9.122, -2.840, -1.664, -0.534
0.0, -0.3, 0.095, 9.141, -2.947, -1.603, -0.519
0.0, -0.3, 0.128, 9.224, -2.809, -1.710, -0.595
0.0, -0.3, 0.139, 9.225, -2.779, -1.649, -0.550
0.0, -0.3, 0.127, 9.104, -2.794, -1.756, -0.534
0.0, -0.2, 0.166, 9.181, -2.748, -1.878, -0.519
0.0, -0.2, 0.226, 9.273, -3.038, -1.756, -0.504
0.0, -0.2, 0.164, 9.238, -2.763, -1.802, -0.519
0.0, -0.2, 0.089, 9.081, -2.885, -1.695, -0.565
0.0, -0.2, 0.117, 9.222, -2.718, -1.649, -0.504
0.0, -0.3, 0.159, 9.322, -2.763, -1.740, -0.534
0.0, -0.2, 0.151, 9.203, -2.748, -1.771, -0.519
0.0, -0.3, 0.130, 9.112, -2.809, -1.664, -0.489
0.0, -0.6, 0.166, 9.202, -2.824, -1.786, -0.489
0.0, -0.3, 0.181, 9.285, -2.901, -1.664, -0.550
0.0, -0.3, 0.098, 9.183, -2.885, -1.740, -0.641
0.0, -0.3, 0.171, 9.120, -2.855, -1.832, -0.519
0.0, -0.2, 0.098, 9.194, -2.733, -1.771, -0.519
0.0, -0.2, 0.184, 9.499, -2.733, -1.863, -0.489
0.0, -0.2, 0.132, 9.224, -2.855, -1.771, -0.656
0.0, -0.2, 0.166, 9.208, -2.901, -1.588, -0.519
0.0, -0.2, 0.123, 9.185, -2.809, -1.664, -0.489
0.0, -0.2, 0.160, 9.249, -2.824, -1.710, -0.519
0.0, -0.2, 0.129, 9.154, -2.885, -1.695, -0.595
0.0, -0.3, 0.150, 9.197, -2.611, -1.863, -0.473
0.0, -0.3, 0.151, 9.293, -2.855, -1.802, -0.504
0.0, -0.3, 0.142, 9.260, -2.748, -1.786, -0.565
0.0, -0.2, 0.164, 9.102, -2.794, -1.725, -0.534
0.0, -0.3, 0.146, 9.200, -2.779, -1.710, -0.336
0.0, -0.3, 0.146, 9.221, -2.718, -1.664, -0.550
0.0, -0.2, 0.111, 9.183, -2.779, -1.725, -0.672
0.0, -0.3, 0.159, 9.213, -2.885, -1.756, -0.611
0.0, -0.0, 0.124, 9.244, -2.947, -1.771, -0.641
0.0, -0.3, 0.081, 9.234, -2.809, -1.634, -1.099
0.0, -0.6, 0.117, 9.200, -2.702, -1.573, -2.962
0.0, -0.8, -0.225, 9.201, -2.779, -1.618, -3.069
0.0, -0.7, 0.302, 9.167, -2.275, -1.924, -1.832
0.0, -0.7, 0.255, 9.353, -3.023, -2.168, -1.344
0.0, -0.7, -0.402, 9.112, -3.573, -2.015, -2.198
0.0, -0.8, 0.373, 9.288, -2.733, -2.565, -3.038
0.0, -0.6, 0.092, 9.239, -3.725, -2.779, -2.397
0.0, -0.5, 0.317, 9.147, -3.695, -2.443, -1.847
0.0, -0.4, 0.085, 9.031, -3.023, -1.908, -3.496
0.0, -0.3, 0.442, 9.096, -2.855, -1.496, 2.626
0.4, 0.7, 3
