0.0, -0.5, 0.168, 9.214, -2.794, -1.679, -0.565
0.0, -1.4, 0.966, 9.986, -2.031, -6.458, -2.931
0.0, -2.1, -0.057, 9.680, -1.969, -6.885, -0.626
0.0, 3.4, -0.698, 9.290, -3.282, -0.458, -0.473
0.0, 0.1, -0.111, 9.048, -1.405, -1.282, -0.183
0.0, -1.3, 0.617, 9.572, -2.198, 1.237, -1.420
0.0, -0.7, 0.522, 9.219, -2.305, -1.756, 0.198
0.0, 2.8, -0.113, 9.014, -2.550, -1.252, 0.626
0.0, -1.2, -0.537, 9.511, -2.031, -6.916, -0.489
0.2, 0.4, 0.077, 8.971, -5.099, 0.916, -2.611
0.2, 0.4, 0.555, 8.359, -7.313, -2.092, 1.099
0.2, -5.7, 6.905, 8.345, 17.191, 4.565, -0.824
0.2, -0.3, -0.249, 8.531, -0.702, 0.382, -1.328
0.2, -0.8, 1.530, 9.220, -17.359, -8.687, 8.489
0.2, -0.1, 0.751, 8.853, -3.557, -4.366, 0.519
0.2, -0.7, -0.584, 9.372, -1.435, 2.198, -0.183
0.2, -1.2, -0.873, 9.859, -1.252, -0.977, 1.588
0.2, -1.9, -0.120, 9.560, 6.748, -6.672, 0.779
0.2, -1.2, 1.451, 9.160, -7.038, -1.939, 7.679
0.2, -2.2, 1.532, 8.709, -7.634, 12.015, -3.252
0.2, 0.0, 1.247, 9.609, -1.832, -0.855, -1.038
0.2, 0.2, 2.978, 9.714, -6.183, 0.290, -2.183
0.2, -1.4, -0.699, 8.321, 1.084, -3.863, -2.641
0.2, 0.7, 2.230, 8.559, -25.557, 13.725, 1.115
0.2, -2.3, 3.086, 9.864, -1.908, -3.573, -6.137
0.5, -1.1, -0.010, 9.722, -5.099, -2.214, 7.771
0.5, 0.4, 0.243, 9.871, -1.618, -0.718, -1.344
0.5, -0.2, 1.259, 9.298, -1.206, -1.710, -0.443
0.5, 1.1, -1.258, 11.022, 14.672, -2.473, 5.756
0.5, -0.6, 2.037, 9.118, -2.901, 12.992, 7.450
0.5, 0.6, -0.813, 9.305, -9.603, 1.008, -1.588
0.5, 0.2, 0.022, 9.133, -5.847, -4.321, -4.092
0.5, -1.5, -0.011, 8.970, -2.718, -1.832, -1.924
0.2, -1.6, -0.523, 9.284, -3.313, -2.550, 3.023
0.2, -5.4, -3.670, 11.230, 7.634, -1.679, 6.473
0.2, -8.5, 2.719, 10.999, 6.702, -29.679, 4.076
0.2, 0.8, -0.017, 9.780, -6.260, 0.153, -2.137
0.2, -1.5, 1.445, 8.879, -4.275, -1.298, 0.473
0.2, 0.6, -1.870, 9.765, 0.290, -2.046, 0.519
0.2, -0.4, -1.120, 9.261, -9.267, 0.260, 0.947
0.2, -2.5, 2.491, 9.786, 2.992, 37.267, -0.489
0.2, 0.4, 0.892, 9.566, -7.878, -1.786, -0.779
0.2, -2.1, -0.532, 8.841, 0.214, -0.748, 0.458
0.2, 1.1, -2.470, 9.444, -3.664, -1.084, -0.412
0.2, 1.6, 0.405, 8.860, 0.336, 0.977, -1.863
0.2, 0.2, -2.931, 10.596, -27.664, -10.275, 2.351
0.2, 1.4, -0.384, 8.796, -14.153, -8.275, 7.527
0.2, -2.1, 1.148, 9.008, -6.168, -4.397, 1.298
0.2, -0.2, -0.505, 9.074, 3.481, -0.443, 0.229
0.2, -0.7, -2.031, 9.646, 7.389, -10.198, 3.634
0.5, -2.7, 2.606, 8.466, -0.931, -1.298, 0.595
0.5, 1.1, 0.176, 8.878, 1.527, -0.550, 9.099
0.5, -0.3, -1.820, 9.114, -3.023, 0.015, -0.031
0.5, -2.1, -2.040, 9.291, -3.649, -2.305, -2.015
0.5, -0.5, -1.857, 8.953, -6.794, -1.435, 0.290
0.5, 0.1, 0.098, 8.174, -20.153, 10.397, 0.977
0.5, -1.4, 3.078, 9.258, 2.641, 0.992, -2.931
0.5, -0.4, 2.184, 8.831, -6.275, -0.687, -3.053
0.2, -1.9, 1.203, 9.467, -6.794, -2.977, 1.221
0.2, -1.3, 4.827, 9.142, 4.779, -1.405, -2.748
0.2, 4.1, -5.326, 10.599, -12.092, -15.084, 7.466
0.2, -1.4, -2.679, 9.517, 17.313, 24.580, 23.176
0.2, 0.2, 0.201, 9.243, 5.725, 1.573, 11.084
0.2, -0.2, -1.434, 9.440, -0.702, -2.031, 4.809
0.2, -0.1, 0.217, 9.140, -3.771, -3.145, 2.061
0.2, 1.5, -0.443, 8.820, -14.641, 8.198, -2.168
0.2, 0.4, -2.671, 9.388, 7.237, -18.733, -0.244
0.2, 2.5, -0.245, 6.960, -4.702, -13.740, -10.168
0.2, 1.2, -0.425, 9.305, -7.282, 0.427, 0.076
0.2, -0.0, -1.840, 9.292, -0.947, -1.939, -1.450
0.2, -2.2, 0.789, 8.554, 3.206, -11.542, 0.779
0.2, 3.3, 4.433, 11.836, 4.748, 1.771, -0.137
0.2, -3.5, -1.878, 7.013, 2.000, 35.374, 5.145
0.2, -1.3, 0.279, 9.228, -3.023, 0.626, 1.176
0.2, 0.0, 0.041, 8.639, -0.840, -2.046, -0.580
0.2, 0.6, 0.127, 9.251, -7.313, -2.901, -0.870
0.2, -0.5, -0.600, 9.343, -1.725, -4.504, -0.947
0.2, 0.7, 0.439, 8.997, 2.015, -0.565, 0.931
0.2, -2.1, -0.165, 9.347, -2.092, -6.794, -2.824
0.2, 0.8, -1.976, 8.984, 17.282, 15.115, -2.672
0.2, 0.2, -0.917, 9.523, -9.969, 0.321, -6.000
0.2, 0.3, -0.935, 9.025, -7.588, -7.481, -2.870
0.2, 0.1, -1.035, 9.568, -5.282, -2.534, -0.519
0.5, -1.5, -0.535, 9.110, -2.122, -3.527, -2.260
0.5, -1.4, 1.498, 8.915, 2.962, -9.084, 7.725
0.5, 0.6, -5.754, 9.746, 2.992, 7.221, 3.282
0.5, -1.6, -0.013, 8.363, -16.580, 15.756, 7.389
0.5, 0.6, 0.494, 9.288, -10.870, -0.198, -2.061
0.5, 0.0, -0.697, 9.173, -6.504, -3.145, -0.504
0.5, -0.5, 1.544, 9.166, 0.046, -2.351, 1.267
0.5, -0.2, -3.224, 9.248, -1.298, 2.824, 0.977
0.2, 0.7, 3.219, 8.535, -29.908, 20.321, 4.122
0.2, -7.8, -8.292, 10.769, 3.771, -13.221, -0.992
0.2, 0.3, 0.091, 8.909, -4.229, -3.557, 3.985
0.2, 1.0, 0.854, 9.080, -9.450, -0.855, 0.733
0.2, 0.6, -2.734, 9.359, -5.160, 0.443, 1.282
0.2, -1.2, -1.504, 9.248, -5.267, -11.008, -2.824
0.2, -1.1, -0.515, 9.015, -7.649, 3.481, 2.290
0.2, -3.1, 2.589, 8.456, -4.168, 11.817, -8.153
0.2, 1.0, 2.599, 9.009, -9.252, -2.504, -1.695
0.2, -0.3, 1.458, 9.315, -4.763, -2.840, -2.779
0.2, -0.4, 0.833, 9.720, -7.618, -2.275, -2.641
0.2, 0.9, -0.050, 9.224, -5.756, -1.084, -1.450
0.2, -2.4, 0.110, 8.906, -4.076, -6.473, -1.542
0.2, 1.6, 1.545, 8.821, -10.779, 5.374, -0.122
0.2, -3.5, -7.464, 12.949, -0.687, -10.122, 0.534
0.2, 0.1, -1.219, 8.365, -3.359, -10.427, 2.031
0.2, -0.6, 0.832, 9.120, -4.458, -2.046, -1.634
0.2, 0.1, 0.169, 9.373, 0.031, -1.344, -0.809
0.2, -2.5, 0.150, 9.184, -1.176, 1.298, 0.794
0.2, 0.3, 1.296, 8.380, -2.565, -7.481, -2.092
0.2, 7.2, 10.362, 13.325, 7.878, -45.740, -5.374
0.2, -5.2, -0.396, 7.803, -8.153, 42.473, 0.809
0.2, -0.5, -0.504, 9.066, -4.702, 5.221, -1.511
0.2, -0.1, 0.523, 9.377, 1.282, -6.794, -0.183
0.2, -3.1, 1.290, 9.179, -0.305, -5.649, -1.618
0.2, -1.6, 0.990, 8.924, -3.313, -1.130, -3.710
0.2, -1.0, 0.485, 9.072, 0.595, 1.557, -1.649
0.3, 4.0, 17
