0.0, -0.5, 0.023, 9.240, -2.763, -1.450, -0.656
0.0, -0.4, 0.055, 9.146, -2.885, -1.725, -0.580
0.0, 1.3, 0.016, 9.160, -2.656, -0.885, 0.519
0.0, -0.7, -0.004, 9.194, -3.008, -1.542, -0.275
0.0, -1.2, 0.178, 9.159, -2.168, -2.336, -0.702
0.0, -2.1, 0.578, 9.335, -0.748, 3.679, -1.389
0.0, -2.4, 0.570, 9.280, -3.099, -6.046, -0.580
0.0, -1.2, 0.237, 9.359, -2.168, -0.702, -1.649
0.0, -0.9, 0.060, 9.287, -3.466, 0.153, -0.901
0.0, 1.8, -0.305, 9.238, -6.580, -2.779, 0.015
0.0, -3.4, 0.812, 9.152, -4.916, -5.084, -2.107
0.0, -1.5, -0.350, 9.141, 0.061, -3.267, -0.855
0.0, 2.5, 0.441, 9.462, -6.885, -3.374, 1.267
0.0, -3.6, 2.107, 9.160, 3.710, -1.527, 1.466
0.0, -2.9, -0.211, 10.119, 13.084, 8.504, -0.305
0.0, 0.5, -0.925, 9.454, -0.855, 1.099, -2.489
0.0, 0.9, -0.375, 9.273, -2.733, -2.733, 0.336
0.0, -1.6, -0.226, 9.499, -7.695, -6.565, -0.916
0.0, 0.5, 0.171, 9.134, -2.947, 2.626, 1.328
0.0, -1.2, -0.517, 9.024, -5.282, -3.328, 2.565
0.0, -1.1, 0.505, 9.540, -0.092, -0.824, -2.260
0.0, -0.6, 0.662, 9.159, -1.786, -2.504, 2.244
0.0, 0.2, -0.079, 9.244, -3.588, -1.893, 0.168
0.0, -1.3, 0.340, 9.416, -6.687, -3.282, -3.893
0.0, 1.1, 0.108, 8.944, -2.168, -4.916, 1.359
0.2, -0.1, 0.006, 9.234, -14.794, -3.649, -4.244
0.2, -1.4, 0.268, 8.957, -4.550, -0.061, -0.870
0.2, -1.0, -1.988, 8.887, -5.435, 4.534, 0.382
0.2, -0.4, -0.925, 9.049, 4.397, -3.206, 1.710
0.2, 0.1, 1.233, 9.264, -1.710, -1.878, -0.595
0.2, -1.1, -0.290, 9.222, -3.557, -1.771, 0.519
0.2, -0.3, 1.323, 9.042, 1.618, -4.305, 1.328
0.2, 0.1, 0.300, 9.279, -2.733, -0.458, 1.344
0.2, 0.6, 0.227, 8.918, 0.916, -1.130, -1.832
0.2, -3.9, -6.644, 10.178, 16.092, -12.046, -1.481
0.2, -0.6, -1.015, 9.048, -4.382, -2.565, -1.588
0.2, -1.0, 1.484, 8.922, -4.824, -2.260, -0.489
0.2, -2.2, 0.184, 9.209, -5.725, -1.420, -2.046
0.2, -1.1, -0.852, 9.503, 0.076, -2.656, -3.069
0.2, -0.2, 2.737, 8.693, 3.588, -1.344, 0.733
0.2, -1.9, -0.245, 10.253, 11.008, 13.618, 17.893
0.2, -1.2, -0.542, 9.443, -5.695, -2.931, -5.466
0.2, -0.6, 1.014, 9.469, -7.969, -4.473, -0.076
0.2, -0.4, 1.138, 9.345, -4.214, -4.122, -1.145
0.2, -0.7, 1.189, 8.824, -1.603, -0.107, 0.626
0.2, -2.3, 0.207, 8.736, -2.214, -1.038, -3.985
0.2, -6.7, -6.789, 12.014, -14.214, 16.992, 7.695
0.2, 0.0, -0.820, 9.716, 12.962, -4.840, -7.206
0.2, 1.8, -2.397, 8.274, -2.076, -2.351, 0.183
0.2, 0.4, -1.769, 9.770, -1.710, 1.038, 0.641
0.2, 1.2, -0.254, 9.143, -4.107, 1.221, 0.611
0.2, -0.2, 0.005, 7.849, 0.443, -16.321, 0.107
0.2, -0.1, 1.842, 8.550, -12.351, -9.298, -3.145
0.2, -2.7, 1.495, 6.911, 0.931, 16.931, -2.122
0.2, 0.0, -0.472, 9.517, 2.214, -1.359, -1.344
0.2, -2.2, 2.733, 9.342, -2.931, -2.626, -0.718
0.2, -2.0, 1.030, 8.776, -2.519, -3.679, -2.763
0.2, 0.3, -0.997, 9.676, -0.779, 1.832, 2.427
0.2, -0.6, -0.593, 10.797, 51.374, 35.573, 12.580
0.2, -4.7, 3.995, 7.709, -36.977, -37.618, -2.260
0.2, -1.4, 1.273, 9.378, -15.206, -4.305, 2.351
0.2, 1.1, -0.636, 9.424, 1.008, -0.366, -0.015
0.2, -1.9, 0.312, 9.250, -6.855, -4.275, 1.115
0.2, -0.7, -1.350, 8.341, 19.618, -27.130, 5.130
0.2, 1.2, 6.936, 9.506, -10.137, 15.359, -22.168
0.2, -0.2, 2.492, 9.394, 4.885, 0.137, -4.336
0.2, 1.4, 0.816, 8.817, -2.321, -0.107, 1.115
0.2, -1.8, -1.529, 8.674, -2.412, -2.031, 1.756
0.2, -0.5, 0.782, 8.232, -6.733, 2.183, -0.855
0.2, 1.3, 2.668, 8.464, -7.527, 2.977, -2.870
0.2, 2.3, 4.949, 8.056, -9.130, -1.588, 1.573
0.2, 2.8, 0.909, 7.162, 16.443, -1.863, -10.489
0.2, -0.4, -2.471, 8.268, 3.206, -0.748, -5.221
0.2, -1.0, 0.948, 9.257, 0.611, -4.443, -0.519
0.2, -1.9, -1.148, 9.397, -4.321, -8.763, -3.466
0.5, -0.4, -0.249, 9.807, 0.534, -0.168, -3.908
0.5, -1.5, -2.450, 8.539, 1.878, 18.061, -2.519
0.5, -1.4, -0.247, 8.509, -8.137, -2.763, 4.183
0.5, 0.1, 0.023, 10.639, 1.344, 1.344, -3.450
0.5, -0.4, -2.516, 9.158, -3.237, -0.901, -0.260
0.5, 2.5, -1.223, 8.173, 6.382, 9.466, 1.053
0.5, 2.0, -0.916, 8.589, 2.718, -17.145, 5.191
0.5, -2.5, -1.334, 9.644, 0.076, -6.015, -7.908
0.5, -1.2, 1.117, 8.807, -2.489, -6.382, 1.099
0.5, -2.3, -0.208, 8.966, -1.893, -1.802, -0.244
0.5, 0.4, 0.294, 9.045, -7.344, 0.382, -1.618
0.5, -2.2, -2.297, 7.669, -0.473, -39.603, -0.107
0.5, -0.5, 1.282, 8.412, -4.153, 4.046, 1.679
0.5, -1.6, 2.568, 8.522, -0.198, 7.038, 0.275
0.5, -1.1, -1.055, 9.603, -0.641, 0.076, 0.687
0.5, -0.7, -0.127, 9.444, -0.519, -3.313, 0.794
0.5, -2.5, 0.019, 8.754, -2.824, 0.260, 0.321
0.2, -0.8, 1.243, 9.293, -0.275, -5.481, -2.229
0.2, -1.7, 0.303, 8.877, -3.053, -0.565, -0.229
0.2, 0.2, -1.263, 10.088, -0.763, 2.641, 0.809
0.2, -1.5, -0.539, 9.437, -0.565, -4.122, 1.847
0.2, 0.8, -2.342, 8.789, 10.076, 7.863, -2.076
0.2, 1.9, -3.628, 6.676, -0.687, -2.748, -0.244
0.2, -1.1, 1.451, 9.722, -19.328, -7.038, 16.962
0.2, -0.7, 0.198, 9.656, -4.794, -2.916, 0.504
0.2, -0.8, 0.090, 9.191, -2.290, -3.664, -1.176
0.2, 0.6, -0.602, 9.066, -5.527, 0.366, -1.282
0.2, -0.9, -1.587, 8.847, 10.473, -12.840, 7.008
0.2, -0.2, -1.186, 8.735, -0.550, 0.137, 0.565
0.2, -1.2, -1.812, 9.026, -14.687, 12.031, 6.397
0.2, 0.4, 0.128, 9.297, -8.763, -2.198, -1.985
0.2, 0.6, 2.620, 9.354, -9.160, -0.977, -0.595
0.2, 0.1, 0.724, 8.878, -8.137, -1.038, -1.328
0.2, -0.6, -1.690, 9.127, 2.733, -1.282, 1.420
0.2, -0.9, 2.215, 9.773, -8.809, -4.595, -1.023
0.2, -2.4, -2.787, 11.052, -69.160, 16.992, -20.290
0.2, -0.1, 0.986, 7.885, 39.893, -22.855, 4.733
0.2, -1.6, -0.578, 9.729, 4.473, -3.130, 7.405
0.2, -2.2, 1.476, 9.565, 4.214, -1.771, -3.282
0.2, 0.0, 0.049, 8.796, -6.672, -2.183, -3.145
0.2, 0.6, 0.836, 8.950, -14.519, -13.527, -8.794
0.2, 1.2, 0.739, 8.157, -0.427, -4.382, -3.832
0.2, -0.3, 0.126, 8.608, -5.725, 5.130, -1.695
0.2, -0.9, -0.055, 8.384, -3.038, -0.931, -0.351
0.2, 0.4, -0.066, 8.618, -7.191, -0.947, 3.496
0.2, -1.7, -0.316, 8.964, -2.382, -7.160, -0.595
0.2, 1.5, 0.836, 9.558, -3.740, -1.450, -0.366
0.2, -1.1, -0.429, 8.941, -4.840, -2.076, 0.763
0.2, 2.3, -1.522, 7.399, -2.122, 63.298, -1.969
0.2, -7.9, -5.219, 10.054, -4.611, -73.282, 7.771
0.2, -1.2, 1.650, 9.369, -10.489, -2.229, 1.282
0.2, -2.2, 0.144, 8.898, -6.214, -3.023, 0.504
0.2, -1.3, 0.335, 8.861, 1.466, -4.595, -0.275
0.2, 0.6, -0.156, 9.840, -4.916, -0.901, 1.130
0.2, -1.3, -1.395, 8.772, -1.374, -6.473, 1.282
0.2, 9.0, -2.035, 12.956, -10.412, -55.466, 3.664
0.2, -1.4, -0.141, 7.641, -17.115, 41.267, 14.687
0.2, 1.2, -0.765, 8.292, -2.473, -2.733, 0.763
0.2, 1.8, 0.012, 8.750, -1.908, 4.275, -6.687
0.2, -2.2, 0.439, 9.657, -1.878, -8.992, -2.061
0.2, -1.9, -0.007, 9.145, -0.809, 3.466, -1.588
0.2, 1.5, 1.147, 9.385, -0.748, -0.916, -0.092
0.2, -1.3, 0.481, 9.717, -3.084, 1.038, -0.046
0.2, -2.6, -0.559, 9.118, -5.435, -2.198, -0.031
0.2, -0.8, 0.504, 9.747, -4.901, -1.435, -0.275
0.2, 0.4, 0.146, 8.990, -7.511, -1.618, -1.863
0.0, -1.3, 0.221, 9.673, 0.015, -2.870, 1.939
0.0, 0.7, -0.193, 8.861, 1.786, 2.168, 1.588
0.3, 3.8, 16
