0.0, -0.6, 0.059, 9.373, -2.534, -1.649, -0.427
0.0, -0.6, 0.025, 9.365, -2.595, -1.832, -0.351
0.0, -0.5, 0.037, 9.353, -2.626, -1.710, -0.275
0.0, -0.5, 0.007, 9.343, -2.611, -1.725, -0.336
0.0, -0.5, 0.024, 9.391, -2.580, -1.725, -0.366
0.0, -0.6, 0.016, 9.359, -2.626, -1.771, -0.458
0.0, -0.5, 0.049, 9.378, -2.672, -1.786, -0.489
0.0, -0.5, 0.093, 9.345, -2.565, -1.710, -0.244
0.0, -0.6, 0.302, 9.316, -2.534, -1.786, -0.626
0.0, -0.5, -0.283, 9.458, -2.046, -2.229, -2.901
0.0, 0.6, -1.083, 9.076, -1.008, 2.656, -2.550
0.0, 0.1, 0.900, 9.388, -2.794, 0.031, -1.420
0.0, -0.1, -0.749, 9.540, -2.458, -1.695, -0.809
0.0, -1.2, -0.130, 9.489, -2.305, -0.412, -0.275
0.0, 1.0, -0.079, 9.645, -1.221, 0.626, -0.504
0.0, -1.6, 0.060, 9.555, -2.183, -2.198, 2.107
0.0, -0.6, 0.186, 9.270, -2.137, -3.786, 0.550
0.0, -0.5, -0.103, 9.294, -2.458, -2.366, 0.840
0.0, 2.1, 0.255, 9.571, -2.458, 2.229, -0.107
0.0, -1.8, -0.115, 9.640, -2.504, -1.389, -0.168
0.0, -0.1, 0.642, 9.251, -4.275, -7.313, -1.069
0.0, 0.8, -0.470, 8.926, -0.870, 3.252, -1.435
0.0, -3.6, 0.074, 9.667, -3.023, -8.779, 0.962
0.0, 1.9, -0.218, 9.226, -1.786, 3.939, 1.466
0.0, -3.2, -0.201, 9.313, -1.420, -3.725, -1.237
0.0, -0.0, 0.472, 9.494, -2.718, -6.382, -2.015
0.0, 2.3, -0.217, 9.266, -2.550, 3.359, -3.374
0.0, -2.9, -0.795, 9.525, -0.855, -2.183, 0.214
0.0, 1.2, 1.176, 9.129, 3.053, 0.031, 0.855
0.0, -1.0, -0.062, 9.768, -3.542, -4.290, 1.130
0.0, -1.0, -0.970, 9.677, 0.687, -3.985, 2.046
0.0, 2.0, 0.723, 9.075, -3.878, 2.931, -1.282
0.0, -2.1, 0.390, 9.916, -1.450, -6.305, -2.962
0.0, -0.5, 1.143, 8.984, -2.733, -3.405, -1.664
0.0, -2.4, -0.651, 9.588, 0.626, -4.687, 1.573
0.0, 1.6, 1.177, 9.043, -3.405, -3.679, -0.656
0.0, 0.7, 0.133, 9.431, -4.015, 2.824, -3.298
0.0, -2.8, -0.412, 9.274, -0.473, -7.084, -0.947
0.0, 0.8, -1.202, 9.580, 0.885, 0.580, 0.534
0.0, -0.3, 0.779, 9.260, -0.122, -5.389, -3.481
0.0, 0.2, -0.150, 8.976, -2.794, -1.542, -2.473
0.0, 0.3, -0.055, 9.197, -2.489, -0.260, -0.275
0.0, -1.5, -0.302, 9.974, -3.099, -5.725, -1.038
0.0, 0.8, 1.317, 9.384, -5.450, 1.435, -1.099
0.0, 0.5, -0.997, 9.079, -1.053, -1.115, 1.817
0.0, -0.5, -0.387, 9.072, -4.275, 0.534, -1.985
0.0, -0.5, 0.321, 9.619, -4.275, -1.618, -0.305
0.0, -1.6, -0.405, 9.491, -1.847, -4.595, 3.115
0.0, 0.8, -0.371, 9.191, 0.580, -3.282, 0.885
0.0, 1.2, 1.202, 9.517, -2.412, 0.931, -2.672
0.0, -1.9, -1.602, 9.529, -6.870, -2.687, 3.145
0.0, -0.4, 1.095, 9.057, -0.931, 2.031, -2.534
0.0, 2.0, -0.283, 9.373, -4.672, 5.466, -4.504
0.0, -0.7, -1.800, 9.015, 2.107, 6.718, -1.450
0.0, 0.6, 0.213, 9.176, 11.084, 9.817, -5.557
0.0, 1.1, 0.832, 8.800, 3.802, 10.382, -6.321
0.0, -0.2, -0.099, 8.724, 0.031, 12.794, -1.084
0.0, 0.7, -4.095, 8.655, 23.756, 16.351, -0.168
0.0, -1.9, -0.393, 11.473, 42.244, 20.992, 2.855
0.0, -5.3, 6.674, 9.941, 7.099, -1.206, 5.802
0.0, -1.6, 4.960, 9.448, -32.366, -7.450, 3.603
0.2, 2.0, -4.525, 8.645, 1.038, -2.031, 2.198
0.2, -1.5, -1.223, 8.418, 7.069, 0.107, 5.664
0.2, 1.2, 0.739, 9.170, 1.115, 3.450, -2.000
0.2, 1.0, 1.168, 9.285, -5.176, 4.473, 0.794
0.2, -2.0, -0.596, 9.749, -5.573, -5.298, 1.740
0.2, 1.8, 1.068, 9.354, -3.511, -0.153, -1.496
0.2, -0.8, 0.510, 9.555, -4.885, 3.786, 3.160
0.2, -2.0, -1.015, 9.582, 0.397, -4.290, 0.489
0.2, 0.4, 1.361, 10.526, -7.969, -6.397, 2.015
0.2, -4.3, 3.602, 10.430, -21.328, -8.611, -0.366
0.2, -3.9, -1.398, 9.392, -8.168, -19.008, -2.183
0.2, -0.7, 1.251, 8.616, -18.015, -18.412, 1.527
0.2, -0.3, 0.272, 9.087, -19.145, -16.336, 3.954
0.2, -0.5, 0.390, 8.727, -21.939, -14.183, 2.473
0.2, -0.1, -0.581, 9.234, -19.649, -12.687, 2.519
0.2, -0.4, -2.938, 8.990, -11.740, -10.137, 5.328
0.2, 1.0, -1.034, 9.140, -2.290, -5.206, 2.931
0.2, 0.5, 0.176, 10.017, -4.794, -4.137, -3.878
0.2, -0.6, -1.397, 9.321, -0.809, -4.824, -2.473
0.2, -0.8, 0.186, 9.003, -4.626, -2.992, -0.809
0.2, 0.7, -0.581, 9.505, -0.092, 1.450, -3.038
0.2, 1.0, 0.784, 9.664, -1.023, -0.290, -2.000
0.2, -2.6, -0.183, 9.130, -2.519, -2.855, 1.344
0.2, 0.2, 0.299, 8.651, -1.924, 0.550, -0.183
0.2, 0.3, 1.147, 10.038, -3.252, 0.840, -2.290
0.2, -1.3, -1.046, 9.631, -3.618, -2.626, -0.672
0.2, -1.3, 0.184, 9.361, -2.763, -0.611, 3.099
0.2, 1.3, -0.038, 9.634, 0.427, 2.214, -3.847
0.2, -0.6, -1.094, 9.051, -2.076, -1.374, 1.466
0.2, 0.1, -1.274, 9.643, 1.878, 0.534, -2.794
0.2, -0.5, 2.838, 9.528, -4.137, -2.214, -2.580
0.2, -1.8, -0.582, 9.118, -4.824, -1.863, 2.031
0.2, 0.4, -1.386, 8.954, 3.527, 0.122, -3.206
0.2, -0.0, 3.164, 9.480, -0.763, -2.412, 1.924
0.2, -0.9, -2.784, 8.902, -3.115, -1.664, 1.756
0.2, 0.5, 3.205, 10.362, 2.855, -1.389, -1.450
0.2, -1.3, -0.382, 9.261, -12.076, 0.794, 7.267
0.2, -0.1, 4.329, 9.912, -1.740, -1.435, -2.931
0.2, -1.2, -2.112, 9.121, -7.969, 0.870, 4.443
0.2, 0.2, -1.040, 9.774, 9.435, -0.427, -1.252
0.2, -0.2, 3.761, 8.582, -12.565, 2.427, 3.908
0.2, -0.8, -4.366, 9.169, 4.427, -4.855, 3.466
0.2, -1.3, 2.948, 9.741, -7.863, -5.313, 5.435
0.2, 0.3, -2.840, 8.649, 8.473, -7.695, 4.962
0.2, -1.2, 0.496, 8.246, 7.664, -14.519, 8.137
0.2, -0.8, -0.934, 8.301, 0.641, -13.634, 9.466
0.2, -0.6, -0.757, 8.772, 11.893, -23.145, 7.450
0.2, -2.3, 0.053, 9.683, 17.069, -23.649, -0.168
0.2, 3.7, 4.869, 10.730, 12.443, -9.588, -7.817
0.2, 1.3, 4.026, 10.710, -22.840, -2.550, -11.863
0.2, 1.1, -1.258, 9.547, -18.794, 4.458, -7.267
0.2, -2.2, -1.185, 9.770, -1.511, -0.031, -0.977
0.2, -0.8, -0.912, 9.315, -8.840, -1.023, 5.053
0.2, 0.6, -0.654, 9.224, 6.244, -3.573, 0.947
0.2, -1.2, 0.813, 8.985, -3.267, -2.672, 0.901
0.2, 1.5, -0.385, 9.898, -1.145, -0.534, -2.550
0.2, -1.9, 1.405, 9.591, -5.023, -2.504, 3.221
0.2, 0.5, -0.326, 9.658, -10.885, 3.618, -4.153
0.2, 1.7, 5.918, 10.685, -8.824, 6.427, -25.450
0.2, -0.6, 1.239, 11.192, -26.183, 15.634, -20.244
0.2, 0.2, -1.708, 9.407, -14.656, 18.656, -14.031
0.2, -1.8, -0.796, 8.970, -7.802, 17.756, -1.511
0.2, -1.0, -0.668, 8.882, -9.450, 14.489, -1.969
0.2, -2.7, -2.988, 8.164, -2.382, 5.771, 0.092
0.2, -2.1, -1.068, 8.766, 4.015, -0.336, 10.489
0.2, 0.5, 1.226, 9.518, -6.351, -0.794, -0.550
0.2, -0.9, -2.401, 9.005, -7.099, -2.244, 6.656
0.2, 0.9, -2.452, 8.942, 6.015, 0.748, 7.344
0.2, -0.2, 2.218, 10.111, 1.557, 0.458, -4.824
0.2, -3.0, 0.879, 9.725, -3.359, -3.160, 0.061
0.2, 1.3, 0.815, 9.962, 5.634, -0.809, -4.565
0.2, -0.8, 0.955, 8.630, -9.344, -0.168, -0.107
0.2, -1.6, -1.697, 9.060, -1.160, -2.748, 2.336
0.2, 0.3, 2.336, 9.837, -4.382, -3.618, -0.092
0.2, -2.0, -0.448, 9.409, -7.069, -4.458, 6.351
0.2, 1.2, -0.485, 10.191, 4.153, -5.282, -0.458
0.2, -0.5, 1.019, 9.161, -9.145, -0.336, 0.260
0.2, 0.4, -0.948, 9.046, -0.702, -0.626, -2.992
0.2, -1.3, -0.244, 9.366, 0.229, -3.817, -0.076
0.2, -1.4, 0.523, 9.541, -6.947, -1.420, -2.855
0.2, 1.8, 1.109, 10.190, 2.504, -2.336, -7.695
0.2, -2.3, 1.101, 7.980, -8.489, -1.008, -2.748
0.2, 0.8, -0.132, 10.101, 0.992, -2.443, -0.244
0.2, -2.0, 0.971, 9.195, -2.534, -3.313, 2.885
0.2, 0.2, -3.367, 9.701, 0.947, -1.954, -2.977
0.2, -1.3, 2.473, 8.497, -1.878, -3.618, -2.397
0.2, -0.3, -1.361, 9.301, -10.153, -1.679, 3.954
0.2, -0.3, 3.739, 10.761, 9.679, -1.863, 0.137
0.2, -1.6, 2.114, 9.312, -15.634, -2.931, 3.389
0.2, 3.0, 0.073, 9.902, 7.435, 3.069, -1.878
0.2, -1.4, 1.750, 7.831, -15.695, 2.275, -3.756
0.2, 1.8, -0.922, 8.589, -5.145, 10.565, 4.168
0.2, 1.9, 5.703, 8.400, -16.321, 13.710, 6.000
0.2, 1.0, 0.721, 8.469, -31.893, 22.595, 7.237
0.2, 0.5, 3.287, 10.254, -40.916, 18.275, -6.229
0.2, -8.2, -10.088, 9.734, -22.870, 0.412, 0.611
0.2, 0.1, -5.419, 12.256, 32.519, -7.344, 3.466
0.2, 1.6, 1.525, 9.070, -7.344, -1.618, 0.962
0.2, 1.1, -0.068, 10.130, -4.031, -4.489, -1.282
0.2, -1.3, -0.833, 8.685, -12.366, 0.931, 5.313
0.2, 1.6, -0.451, 10.242, 8.061, -0.809, -1.191
0.2, -2.2, 0.504, 9.182, -14.260, -2.321, 3.664
0.2, -0.4, -4.161, 10.549, 19.023, -9.069, -2.305
0.2, -2.3, -3.315, 11.162, 3.221, -15.939, -3.160
0.2, -3.8, -5.095, 9.810, 36.305, -19.618, 4.214
0.2, -1.6, 1.753, 8.590, 32.748, -24.840, 2.137
0.2, 2.4, 1.215, 8.339, 16.656, -14.153, -9.618
0.2, 1.8, 4.737, 7.633, 7.527, -5.832, -8.656
0.2, 1.6, -0.542, 8.979, -1.771, 1.908, -10.092
0.2, 1.2, 4.201, 8.224, -6.611, 1.573, -3.389
0.2, -1.6, -5.259, 9.257, -0.611, 3.405, 1.176
0.2, -0.1, 4.635, 9.704, -6.641, -4.702, 6.061
0.2, -0.3, -4.392, 9.250, -5.664, -2.870, 4.336
0.2, -0.5, 5.241, 8.797, -4.321, -2.763, -0.168
0.2, -0.7, -4.076, 9.087, -0.656, 1.603, 7.176
0.2, -0.4, 4.562, 10.381, -0.611, -3.221, 1.099
0.2, -1.1, -2.777, 9.386, -6.427, -0.076, 2.580
0.2, 0.2, 2.611, 9.629, -0.168, -3.878, -2.183
0.2, -1.7, -1.416, 8.826, -7.435, -1.450, 2.885
0.2, 1.4, 0.755, 10.337, 6.183, -1.634, -2.580
0.2, -1.7, -1.203, 9.105, -11.221, -2.412, 0.504
0.2, 0.5, -1.064, 10.263, 4.504, -1.573, -1.634
0.2, -0.5, 1.178, 8.490, -10.015, -1.130, 0.870
0.2, 1.6, -1.089, 9.082, 5.985, 1.405, -0.962
0.2, -0.9, 0.516, 9.250, -8.275, 1.160, 3.511
0.2, -0.6, -1.064, 10.250, 2.336, -1.725, -1.160
0.2, -1.3, 1.569, 8.851, -7.618, -2.565, 1.542
0.2, -0.2, -1.714, 9.358, 3.252, -2.672, -1.435
0.2, -1.5, 4.131, 8.792, -12.473, -4.107, 0.031
0.2, -1.0, -1.703, 9.426, -4.000, -8.351, -7.786
0.2, -2.1, 2.570, 8.224, -4.992, -13.084, -3.084
0.2, -1.6, 0.237, 8.661, -18.015, -18.672, -11.710
0.2, 0.4, 0.466, 8.717, -13.374, -20.687, -14.305
0.2, -3.2, -0.122, 9.129, -20.076, -28.702, -12.855
0.2, 3.5, -1.925, 10.894, -23.679, -10.733, 4.550
0.2, 2.6, -5.057, 10.570, 9.573, -11.771, -4.504
0.2, 0.6, -0.296, 8.963, 8.824, -0.061, 11.420
0.2, 1.4, -0.378, 10.950, -8.427, 0.153, -0.137
0.2, -0.4, 0.358, 9.092, 8.519, 2.611, 1.466
0.2, -3.1, -0.584, 9.414, -12.076, -5.069, -3.496
0.2, 1.7, -1.257, 9.905, 6.153, 0.015, 5.740
0.2, -0.9, -3.846, 10.197, 0.168, 3.450, 12.504
0.2, 1.1, -0.261, 10.455, 10.275, 19.710, 40.198
0.2, -1.1, -1.463, 10.531, 9.344, 16.809, 17.786
0.2, -2.1, 1.706, 8.519, 10.824, 14.229, 3.832
0.2, -1.3, 2.296, 7.762, -4.656, 10.031, -4.534
0.2, -3.2, 0.737, 8.758, 7.053, 3.527, -4.198
0.2, -0.8, 0.874, 8.662, 2.137, -3.542, -9.664
0.2, -2.6, 3.475, 8.630, 2.336, -6.061, -10.748
0.2, 1.3, -2.209, 9.106, -6.718, -2.916, -4.000
0.2, -0.7, 4.258, 10.268, -7.786, -3.252, -0.931
0.2, -2.0, -4.451, 9.395, 2.870, -3.664, 5.130
0.2, -1.1, 4.275, 9.096, -12.107, -5.695, 0.794
0.2, -0.2, -5.021, 8.861, 1.466, -2.611, -0.580
0.2, -0.9, 6.816, 9.500, 0.183, -4.824, -2.824
0.2, -1.7, -3.786, 9.372, 2.198, -4.092, -2.519
0.2, 0.1, 4.695, 9.565, -11.267, -3.817, -1.099
0.2, -1.5, -4.764, 9.012, 4.611, 0.153, 2.504
0.2, -2.2, 5.954, 8.830, -15.405, -7.954, 0.672
0.2, -1.3, -4.930, 8.333, -4.672, -2.061, 0.580
0.2, 2.2, 4.178, 8.259, -7.176, -0.870, -0.656
0.2, -0.5, -2.952, 9.787, 4.412, 2.046, 4.351
0.2, -1.7, 4.532, 10.445, -17.420, -11.069, -7.786
0.2, -4.7, -3.381, 9.246, 0.473, -12.779, 5.954
0.2, 0.2, -1.468, 9.784, -1.359, -11.420, -1.786
0.2, 1.9, 1.307, 8.229, -3.756, -1.084, 3.481
0.2, 0.8, -1.453, 8.973, -1.908, 0.351, -2.855
0.2, -0.7, 2.403, 9.061, -13.802, 3.053, 3.618
0.2, -1.7, -2.598, 9.383, 5.084, -3.084, -3.817
0.2, -1.3, 0.269, 9.487, -8.870, -2.046, 2.687
0.2, -1.0, -1.046, 9.055, 3.145, -5.450, -4.183
0.2, 0.3, 2.591, 9.300, -4.763, -1.985, 1.038
0.2, -0.4, -1.428, 8.825, 1.496, 1.267, -4.916
0.2, -0.5, 0.930, 9.544, -3.588, 1.252, -3.160
0.2, -0.6, -0.114, 8.590, -1.817, 0.855, -3.527
0.2, -0.3, 0.463, 10.155, -3.908, 0.779, 2.290
0.2, -1.7, -0.887, 8.851, 1.298, 0.840, 0.519
0.2, 1.3, 0.413, 9.311, -0.611, 1.695, 2.168
0.2, 0.3, -0.010, 7.748, -4.824, 6.015, 1.130
0.2, 2.0, 0.955, 7.980, -9.252, 16.076, -0.031
0.2, 5.6, -2.049, 6.518, -0.656, 33.511, -1.313
0.2, 3.6, 0.029, 10.355, -5.267, 42.244, 6.824
0.2, -3.5, 1.021, 12.665, -3.969, 18.779, 1.771
0.2, -9.2, 1.317, 13.532, -11.527, -2.443, 3.389
0.2, -4.6, -2.205, 11.413, 1.817, -11.802, -4.397
0.2, -0.8, 2.158, 9.732, -2.962, -11.878, 3.298
0.2, 0.5, -3.314, 7.909, 0.702, -4.321, -1.053
0.2, 2.7, 4.820, 8.179, -7.221, -3.878, 2.519
0.2, 0.5, -2.514, 7.773, -0.763, 6.305, -2.244
0.5, -0.7, 0.882, 9.389, -9.466, 4.626, 4.458
0.5, -1.5, -2.381, 9.990, 4.580, 5.344, 3.084
0.5, -1.6, 2.950, 9.898, -14.046, 0.611, -2.809
0.5, -2.8, -2.579, 9.288, 6.565, -0.260, 3.740
0.5, -6.3, -0.991, 12.207, -10.336, -20.672, -5.634
0.5, -11.0, -2.115, 12.173, 17.160, -36.595, 2.092
0.5, -1.1, 4.160, 9.434, -12.382, -48.733, 4.443
0.5, 2.5, -3.062, 6.474, -1.344, -33.908, 1.389
0.5, 6.6, 0.710, 6.646, -9.237, -13.725, -0.031
0.5, 4.8, -3.077, 6.252, 5.252, 1.237, -2.702
0.5, 2.6, -1.015, 8.689, 0.840, 5.466, -1.847
0.5, 1.6, 5.233, 9.535, -13.786, 12.519, -4.351
0.5, 0.5, -1.834, 12.210, -9.221, 12.885, 2.229
0.5, -2.4, -3.980, 8.966, 0.168, 2.275, 1.435
0.5, -2.5, 4.395, 8.613, 2.443, -4.672, 0.275
0.5, -0.6, -2.594, 8.608, -11.802, -2.687, 0.061
0.5, 2.0, -1.620, 9.963, 14.840, -2.260, -0.809
0.5, 0.1, 1.298, 9.097, -13.985, 3.053, -1.420
0.5, -0.1, 4.820, 10.299, 4.473, -1.557, -0.702
0.5, -1.4, -4.029, 10.204, -14.885, -1.511, 7.420
0.5, 0.9, 2.605, 10.250, 7.786, -0.260, 0.519
0.5, 0.8, -1.638, 9.188, -11.511, 0.427, -0.260
0.5, 0.1, 4.356, 10.200, -0.305, 0.137, -1.359
0.5, -1.1, -4.826, 9.369, -11.313, -0.656, 1.069
0.5, -0.6, 2.166, 10.557, 12.427, -6.000, -1.420
0.5, 0.5, -2.731, 9.208, -4.824, -2.809, 2.427
0.5, -1.4, 3.496, 9.397, -2.244, -7.023, 0.275
0.5, -2.6, -0.650, 7.538, -5.496, -13.679, 0.198
0.5, -2.5, -0.757, 7.277, 1.649, -27.573, 3.023
0.5, -3.8, 0.403, 7.113, 0.214, -39.206, -0.198
0.5, 0.4, 1.579, 10.685, -9.832, -31.481, -0.382
0.5, 4.0, 0.068, 11.905, -5.786, -12.321, 0.198
0.5, 3.2, -0.826, 11.400, -6.031, -5.298, -4.244
0.5, 0.6, 0.450, 10.629, -4.534, -3.832, -1.298
0.5, 0.4, -1.853, 9.778, -3.237, 3.359, 0.687
0.5, 0.7, -1.148, 8.491, -1.847, 3.527, -3.908
0.5, -0.9, 1.529, 8.760, -3.679, 2.580, -0.351
0.5, -1.6, -1.595, 8.871, -6.015, -4.779, -2.489
0.5, -0.9, 1.216, 9.226, 1.298, -7.817, -0.244
0.5, -1.5, -1.596, 9.285, -5.649, -9.191, -0.458
0.5, 0.8, 3.693, 9.288, -10.382, -6.565, -1.496
0.5, 3.7, -1.864, 12.870, -7.847, 12.809, -9.893
0.5, 2.3, 0.279, 11.806, -4.031, 35.771, 4.122
0.5, -3.3, -4.842, 9.383, 5.756, 32.534, 7.084
0.5, -3.5, 4.055, 6.618, -2.733, 27.115, 5.328
0.5, -2.5, -2.697, 7.626, 7.359, 15.908, 4.947
0.5, -1.7, 2.618, 6.977, -5.756, 11.115, 1.191
0.5, -1.2, -1.051, 8.641, 4.580, 0.931, 1.618
0.5, -2.9, 2.392, 8.775, -4.672, -1.237, 1.191
0.5, -0.5, -1.192, 9.571, 3.878, -4.015, -4.107
0.5, -1.1, 3.515, 9.749, -8.443, -0.687, 2.290
0.5, -0.7, -4.041, 9.425, 7.802, -5.038, -4.656
0.5, -0.2, 2.284, 8.568, -5.649, -0.809, 4.473
0.5, 0.1, -2.166, 9.035, -1.832, -2.214, -2.763
0.5, -0.7, 2.790, 8.616, -13.679, -0.168, 3.099
0.5, -1.7, -4.532, 9.756, 5.313, -4.809, -3.771
0.5, -0.9, 2.831, 8.622, -3.802, -4.000, 2.092
0.5, 0.1, -3.621, 9.147, 9.405, -0.366, -4.061
0.5, -0.7, 2.063, 8.474, -12.031, -4.076, 1.573
0.5, -1.2, -3.898, 8.649, 11.145, -1.649, -2.718
0.5, 0.6, 3.075, 7.659, -9.679, -1.176, 3.786
0.5, -1.6, -1.082, 10.050, 6.168, 0.122, -1.954
0.5, -1.6, -3.418, 8.984, -15.328, -2.397, 2.351
0.5, -1.5, 1.585, 11.006, 11.710, -1.557, -6.687
0.5, -0.2, 4.786, 9.650, -14.687, -0.473, 0.901
0.5, -1.5, -3.810, 10.736, 10.473, -0.916, -4.321
0.5, -0.5, 2.189, 8.283, -0.824, -0.916, -1.099
0.5, 0.3, 0.437, 10.155, -4.916, -1.176, -4.260
0.5, -0.5, 3.050, 9.094, -8.550, -0.794, -0.244
0.5, -0.5, -4.100, 9.319, 15.557, -1.496, -1.298
0.5, 0.7, -1.250, 8.011, -11.313, 3.496, -6.244
0.5, 2.3, -0.231, 9.177, 4.931, 6.504, -0.382
0.5, 1.4, -1.990, 7.703, -3.267, 13.145, -11.099
0.5, 1.9, -2.588, 9.032, 18.076, 21.389, -4.031
0.5, 2.6, -7.355, 7.750, 38.977, 28.290, -1.969
0.5, 2.3, -1.302, 8.060, 50.000, 42.702, 3.282
0.5, -14.0, 10.783, 12.379, 56.107, 16.626, 8.458
0.5, -7.9, 13.510, 7.995, -46.824, -4.336, 9.740
0.5, -1.2, -1.044, 15.243, -56.763, -11.542, 0.351
0.5, -0.4, -5.686, 9.298, -14.473, -6.382, 7.466
0.5, 0.6, -4.019, 8.702, 15.344, -5.481, -3.603
0.5, 0.4, 0.602, 10.971, 10.611, -2.779, 13.466
0.5, -8.5, 7.835, 12.689, -6.824, -22.153, -9.740
0.5, -10.0, 12.236, 10.317, -70.519, -41.389, -16.244
0.5, -1.9, 1.817, 9.938, -61.191, -42.153, -4.809
0.5, 4.1, -6.852, 6.993, -29.374, -26.366, 5.771
0.5, 5.1, -7.011, 7.908, 5.817, -6.397, 15.389
0.5, 4.1, -4.392, 6.849, 28.550, -1.344, 15.542
0.5, -0.1, 5.493, 10.186, -8.122, 2.947, 10.962
0.5, -2.0, 2.757, 9.889, -20.443, -4.275, -5.344
0.5, -0.3, -5.813, 9.686, 0.290, -3.786, -0.244
0.5, 0.8, -0.949, 9.084, -0.183, -0.855, -13.878
0.5, 0.0, 4.758, 9.382, 5.374, -2.809, -0.977
0.5, -0.8, -0.941, 9.322, -1.450, -1.924, -9.908
0.5, 0.1, -0.827, 8.402, -0.840, 1.527, -2.473
0.5, -1.2, 0.704, 9.809, -0.534, -1.786, -1.802
0.5, -0.2, -1.757, 9.116, -4.137, 0.748, -1.618
0.5, -1.0, 1.210, 9.524, -2.000, 0.473, 0.992
0.5, -0.1, -1.220, 8.862, -3.450, -3.786, -0.351
0.5, -2.1, 3.754, 9.279, -2.733, -2.992, -2.809
0.5, 0.5, 0.263, 9.112, -1.985, -0.351, -1.603
0.5, -0.9, -2.776, 9.378, -1.053, -4.076, -2.153
0.5, -0.8, 1.695, 9.182, 1.023, -7.313, -5.511
0.5, 0.5, 3.880, 9.365, -14.885, -3.756, 2.244
0.5, 0.9, -5.193, 8.498, 13.542, -5.145, 1.084
0.5, -2.1, 4.045, 8.407, -1.603, -6.168, 9.160
0.5, -1.8, -0.397, 8.359, 4.718, -14.550, 5.038
0.5, -0.6, -2.309, 8.781, 8.779, -17.038, 14.733
0.5, -3.0, -1.372, 7.665, 13.985, -28.229, 11.405
0.5, -1.7, -2.370, 8.301, 15.542, -36.046, 8.733
0.5, -2.4, 1.508, 11.137, 34.412, -25.099, -8.641
0.5, 4.5, 9.847, 10.670, -2.931, -15.038, -3.969
0.5, -0.6, 0.982, 10.417, -21.969, -3.527, -8.458
0.5, 2.3, -2.289, 11.781, 4.382, -9.817, -8.198
0.5, 1.2, 3.226, 8.310, -5.298, 2.870, 0.382
0.5, -1.5, 0.541, 10.072, -6.504, -2.397, -2.046
0.5, 4.4, 6.218, 9.870, -19.634, 18.260, -18.427
0.5, -0.0, 0.654, 10.883, -33.328, 27.237, -28.565
0.5, -1.1, -1.217, 9.829, -32.748, 30.107, -16.672
0.5, -1.0, -4.833, 8.720, -12.809, 25.344, -2.260
0.5, -2.5, -3.596, 7.725, 8.397, 19.466, 6.519
0.5, -3.1, 1.306, 7.605, 6.092, 8.748, 7.160
0.5, -2.6, 1.982, 8.134, -6.794, 2.122, -0.519
0.5, 0.2, -1.642, 8.258, -9.466, -1.557, 4.550
0.5, -1.3, -2.191, 9.741, 5.664, -3.649, -0.580
0.5, -1.2, 2.589, 9.024, -6.626, -4.931, 3.603
0.5, -0.0, -3.274, 10.833, 8.168, -3.237, -8.611
0.5, -1.1, 3.910, 8.661, -11.206, -3.130, 1.939
0.5, -1.0, -3.010, 9.979, 1.084, -2.458, -6.092
0.5, 0.8, 1.988, 9.294, -5.695, 2.260, 1.374
0.5, 0.2, -1.999, 8.829, -3.084, 0.366, -5.710
0.5, -1.4, -0.051, 9.602, -1.328, -1.344, 1.237
0.5, -1.7, 0.139, 9.758, -1.069, -7.740, -1.588
0.5, -0.2, 0.384, 8.721, -4.595, -3.832, -2.137
0.5, -1.2, -0.468, 10.217, -5.496, -2.641, 0.519
0.5, 0.1, -0.496, 8.618, 0.931, -0.229, -1.435
0.5, -0.6, 2.060, 10.438, -1.053, -1.389, 3.954
0.5, 0.4, -0.329, 8.790, -8.321, -1.954, -5.573
0.5, -1.5, 0.672, 9.742, -1.359, -1.374, 0.824
0.5, -1.7, -4.263, 9.158, 3.450, -3.557, -2.244
0.5, -0.0, 4.349, 8.582, -2.366, 0.092, 0.550
0.5, -1.8, -3.893, 10.376, -3.359, -1.160, -7.359
0.5, -0.2, 1.445, 8.632, -3.756, 3.099, 2.412
0.5, -0.8, -0.103, 10.011, 4.031, -0.336, -3.130
0.5, -1.1, 1.228, 8.022, -11.344, 1.298, 1.679
0.5, -0.0, 1.852, 10.312, 3.725, -1.481, -0.580
0.5, -0.9, -3.391, 9.276, -7.603, -2.672, 0.672
0.5, -0.8, 2.644, 8.765, -3.863, -0.076, -3.710
0.5, -0.7, -2.571, 9.377, 7.099, -3.832, 2.733
0.5, 2.0, 3.529, 8.206, -13.939, 6.412, 4.534
0.5, 1.0, 0.860, 7.980, -10.534, 15.679, 1.817
0.5, 1.9, 3.455, 7.909, -29.282, 25.740, 17.435
0.5, 3.0, 8.371, 7.994, -44.641, 31.099, -1.237
0.5, 1.7, 1.111, 8.497, -72.763, 43.817, -7.160
0.5, -8.3, -15.761, 8.875, -37.069, 6.107, -12.504
0.5, -4.3, -7.930, 12.382, 25.924, -1.847, -1.130
0.5, -0.8, 2.149, 10.203, 11.954, -14.580, 1.588
0.5, -2.1, 1.126, 7.556, 3.679, -9.053, -5.176
0.5, 3.1, -0.324, 8.410, -12.550, 1.084, 4.519
0.5, -1.5, 2.041, 9.400, 0.198, 2.122, -6.748
0.5, -0.6, -1.179, 9.950, -13.145, -0.656, -7.267
0.5, -8.4, -8.094, 13.497, 17.863, -17.511, 0.504
0.5, -9.2, -3.057, 10.950, 51.099, -33.221, 18.107
0.5, -1.8, -0.086, 8.905, 45.405, -37.237, 9.359
0.5, 3.5, 2.606, 7.561, 37.099, -28.885, -15.557
0.5, 3.6, 3.597, 6.030, 19.053, -14.763, -4.840
0.5, 3.7, 4.870, 7.788, 1.069, -1.893, -12.076
0.5, 0.5, 2.555, 8.389, -22.092, 1.603, -7.008
0.5, -1.4, -1.288, 11.140, 11.542, 1.924, 3.374
0.5, -2.6, 0.297, 8.729, -8.580, -3.053, 0.336
0.5, -1.8, 1.284, 10.021, 4.305, -3.115, 5.756
0.5, 0.5, -1.311, 9.951, -0.977, -1.542, 3.802
0.5, -0.8, 3.525, 9.183, -6.061, -2.351, 0.611
0.5, -1.3, -1.822, 10.019, -11.160, -9.466, -0.595
0.5, -2.5, -0.008, 9.483, -11.557, -11.282, -3.740
0.5, 1.6, -3.578, 8.772, 11.527, -4.916, -0.763
0.5, 1.1, 3.587, 8.158, -11.313, -0.031, 4.107
0.5, 0.6, -3.048, 9.995, 1.969, 1.053, -0.794
0.5, -1.5, 1.924, 8.862, -10.412, -0.656, 1.802
0.5, -2.0, 0.589, 9.985, 0.458, -5.756, -0.137
0.5, -0.8, -0.599, 9.176, -9.740, -4.153, 1.954
0.5, -0.4, 2.350, 9.523, 0.076, -2.702, -1.191
0.5, 0.5, -1.647, 9.088, -12.870, -3.359, -0.504
0.5, -3.0, 2.752, 9.601, 4.107, -5.786, -6.870
0.5, -2.5, 0.790, 8.328, -13.573, -19.115, -14.534
0.5, -2.1, 3.814, 8.498, -8.626, -19.557, -15.954
0.5, -1.5, 0.685, 7.881, -27.817, -34.153, -21.664
0.5, -2.0, -0.315, 10.639, -32.992, -29.115, 10.580
0.5, 3.8, -6.776, 9.256, -15.176, -18.458, -4.443
0.5, 3.1, -1.462, 12.166, 16.580, -10.198, 5.145
0.5, -1.6, 1.434, 9.631, 0.305, -2.534, 1.466
0.5, 3.5, -2.168, 10.579, -3.573, -4.611, 3.237
0.5, -1.1, 1.191, 9.274, 2.885, 1.527, -3.038
0.5, -0.2, -0.029, 9.225, -1.832, -4.977, -1.252
0.5, -0.6, -0.351, 10.738, -4.260, 3.252, 11.832
0.5, 1.8, -5.805, 10.186, 14.336, 25.282, 34.076
0.5, 2.9, -0.918, 11.831, 35.649, 33.740, 33.359
0.5, -0.2, 2.601, 8.641, 21.298, 28.656, 3.634
0.5, -1.8, 4.521, 8.147, -10.244, 27.053, -2.870
0.5, -2.8, -2.060, 8.420, -3.832, 14.427, -8.305
0.5, -1.8, 2.330, 6.858, -0.443, 4.656, -9.374
0.5, -2.9, -1.077, 9.513, 3.115, 0.366, -3.023
0.7, -0.5, 0.856, 8.219, -0.748, -4.733, -4.519
0.7, -1.5, 1.827, 9.515, 0.092, -2.000, -1.603
0.7, 1.2, -1.936, 9.829, -14.336, -4.702, -2.916
0.7, -1.5, 1.565, 9.194, -4.672, 3.817, 1.328
0.7, 0.7, -1.964, 10.184, 4.595, -2.489, 3.847
0.7, -1.6, 3.773, 8.746, -16.397, 2.015, -7.008
0.7, 0.8, -2.739, 10.475, -5.405, 5.664, -0.061
0.7, -0.5, -4.220, 7.817, 3.344, 3.588, -2.550
0.7, -1.5, 5.115, 9.181, 5.496, -0.687, 0.473
0.7, -1.8, 1.617, 8.741, -20.076, -0.565, -4.305
0.7, -1.2, -2.732, 10.078, 5.893, -3.053, 0.656
0.7, 0.5, -1.632, 9.361, -5.603, -0.626, -2.763
0.7, -0.2, 2.201, 9.872, -3.282, -2.901, 7.603
0.7, 0.3, -1.571, 8.824, -1.527, -2.733, -0.870
0.7, -1.3, 2.105, 9.029, -5.710, -0.443, 3.099
0.7, -0.1, -1.650, 9.950, -2.137, -5.084, -4.275
0.7, -0.9, 1.240, 8.768, -3.221, -1.389, 1.435
0.7, 0.1, 0.757, 10.023, -3.557, -0.580, -1.573
0.7, -0.3, 1.498, 8.118, -9.817, 1.252, -5.924
0.7, -0.8, -3.002, 10.349, 9.374, 3.725, 1.832
0.7, -0.7, 0.132, 9.556, -9.908, 0.305, -0.244
0.7, 0.2, 4.189, 7.775, -9.847, 4.076, 1.511
0.7, 3.7, -4.500, 7.533, -7.313, 21.023, 8.031
0.7, 4.4, 2.869, 5.595, -5.969, 35.634, 4.550
0.7, 7.3, 0.557, 6.200, -11.756, 62.718, 5.328
0.7, 6.6, -0.389, 6.420, -10.076, 88.260, -10.427
0.7, -3.5, -7.165, 12.025, 3.008, 75.634, -6.901
0.7, -15.6, -1.366, 16.601, 38.336, 44.214, -16.031
0.7, -7.9, 5.951, 12.962, -26.214, -5.710, -15.740
0.7, -4.2, -7.234, 11.390, 13.679, -16.412, -2.015
0.7, -3.2, 4.270, 6.876, 6.336, -23.679, -1.252
0.7, 2.5, 1.452, 8.817, -2.443, -15.969, 10.840
0.7, 0.2, 2.020, 8.216, -1.008, -8.092, 19.435
0.7, -10.9, 8.013, 12.079, -21.588, -26.840, -24.153
0.7, -17.9, -9.262, 12.170, -30.916, -49.832, 6.397
0.7, -5.8, -4.458, 9.841, -7.435, -80.412, 8.748
0.7, 2.7, -4.961, 8.370, 12.366, -77.939, 15.466
0.7, 3.7, 4.828, 6.427, 12.885, -54.260, 1.832
0.7, 7.0, 0.018, 7.204, -7.191, -29.817, -0.153
0.7, 4.7, 0.779, 6.598, 0.870, -8.992, -7.634
0.7, 2.2, -2.734, 8.325, -1.405, 5.725, -3.206
0.7, -1.9, 2.782, 8.964, 1.038, 1.802, -3.359
0.7, -1.0, 0.719, 10.133, -2.794, 2.504, -3.725
0.7, -0.1, -0.261, 9.543, -2.321, -3.145, -2.626
0.7, -0.9, 1.437, 8.994, 0.718, -4.153, -3.664
0.7, -0.0, -1.782, 9.330, -3.145, -1.802, -0.580
0.7, -1.2, 2.088, 9.629, 2.336, -3.252, -2.427
0.7, 0.7, 0.189, 9.202, -7.695, -2.031, -0.626
0.7, -2.7, 0.651, 9.112, -0.901, -1.573, -1.160
0.7, 1.1, -0.502, 9.410, -7.405, -3.603, -0.931
0.7, -2.2, 1.769, 9.120, -2.962, -0.595, -1.710
0.7, 1.8, -1.142, 9.455, -7.053, -1.847, -2.748
0.7, -2.0, 0.243, 9.262, 3.405, -2.321, -2.885
0.7, 0.1, -1.167, 9.440, -3.038, -4.931, -5.221
0.7, -2.6, 1.501, 9.021, -3.115, -10.031, -8.076
0.7, -1.2, -0.120, 8.570, -2.183, -20.763, -3.313
0.7, -2.7, 0.156, 7.050, -0.366, -34.550, -1.527
0.7, -4.0, 0.760, 6.478, -1.328, -53.939, -2.870
0.7, -4.7, 0.539, 5.693, -8.779, -73.053, 5.817
0.7, -3.0, -6.747, 7.422, 12.550, -72.809, 20.824
0.7, 3.2, -5.792, 11.499, 40.137, -57.649, -5.191
0.7, 8.8, 12.720, 13.224, -19.496, -33.405, 14.977
0.7, 4.3, -8.068, 12.781, -3.176, -4.992, -5.634
0.7, 5.8, 4.204, 11.062, 31.496, 7.771, -14.947
0.7, -2.6, 7.046, 10.210, -1.664, 7.710, -12.290
0.7, 1.0, 3.608, 8.906, -23.756, 7.786, -13.893
0.7, 1.8, 5.711, 10.539, -28.824, 21.099, -20.382
0.7, 3.4, -2.705, 13.163, -11.893, 65.649, 1.786
0.7, 0.1, -4.131, 11.430, -18.046, 68.931, -0.962
0.7, -3.3, 0.300, 8.484, -3.023, 57.634, 4.534
0.7, -3.0, 0.204, 7.536, -16.244, 44.137, 1.450
0.7, -3.5, -3.849, 7.028, -0.336, 32.977, 10.000
0.7, -3.7, -0.068, 6.601, -1.023, 20.840, 5.328
0.7, -2.4, -1.328, 7.306, 5.023, 10.321, 6.534
0.7, -3.6, 0.475, 8.102, 1.863, 1.588, -6.397
0.7, -1.8, 2.067, 8.882, -2.687, -4.687, -2.565
0.7, -1.8, 0.789, 9.363, -6.061, -5.038, -6.656
0.7, 0.2, -1.290, 9.953, -0.412, -5.710, -0.351
0.7, -0.7, 1.432, 9.256, -5.084, -3.450, -0.595
0.7, 0.8, 0.907, 9.293, -2.947, -4.809, -0.473
0.7, -1.3, -0.643, 9.449, -2.504, -2.962, 2.198
0.7, 1.0, 0.399, 9.491, -6.046, -3.740, -4.214
0.7, -1.8, -0.667, 8.718, 1.237, -4.855, 1.206
0.7, -0.2, 1.211, 9.687, -0.336, -2.244, -5.664
0.7, 0.1, -0.916, 9.588, 0.214, -2.870, 1.664
0.7, -1.2, 0.366, 9.594, -0.702, -1.038, -2.641
0.7, -0.1, 0.802, 9.906, -5.618, -0.687, 0.229
0.7, -1.5, -0.305, 8.844, 1.130, -0.168, -1.160
0.7, 1.6, 1.134, 9.321, -6.702, -0.427, -2.153
0.7, -2.3, -0.758, 8.612, -1.802, -2.198, 0.794
0.7, -0.2, 0.175, 10.367, -2.809, -3.374, -4.076
0.7, -1.5, -1.753, 9.374, 3.450, -6.122, 1.695
0.7, 0.8, 0.895, 9.566, -1.542, -3.298, -5.649
0.7, -0.7, -0.362, 8.560, -3.038, -2.244, -0.641
0.7, -1.1, -1.172, 10.275, 3.389, -1.695, -4.122
0.7, -1.2, -0.591, 8.832, -2.336, -7.359, 1.023
0.7, 1.1, 1.026, 9.334, -0.122, -1.924, -4.076
0.7, -1.3, -2.480, 8.875, -6.305, -2.092, 2.779
0.7, -0.2, 2.510, 9.149, -5.466, -3.878, -3.511
0.7, -1.1, -1.524, 9.202, -2.473, -6.183, 1.817
0.7, 0.2, 2.709, 9.793, -3.450, -3.221, -4.733
0.7, -1.3, -3.662, 9.367, -7.573, -2.733, 2.611
0.7, -0.3, 2.551, 9.369, 3.206, -3.954, -3.969
0.7, -0.7, -0.054, 9.347, -5.420, -1.359, 3.053
0.7, 0.0, 0.231, 9.444, -0.351, -3.634, -2.580
0.7, -1.2, -2.343, 9.097, -8.977, -2.931, 4.672
0.7, -0.9, 1.702, 9.932, 6.168, -4.290, -0.107
0.7, 1.2, 1.914, 9.566, -15.710, -4.092, 4.137
0.7, -0.5, -3.031, 9.143, 4.092, 0.718, -2.916
0.7, 0.8, 0.770, 9.712, -3.649, -1.893, -0.947
0.7, -1.7, -0.043, 9.674, 2.458, 0.733, -8.076
0.7, 0.2, -0.048, 9.315, -8.550, -3.756, -4.916
0.7, 1.2, -4.413, 7.760, 11.313, 11.878, -6.916
0.7, 2.5, 1.203, 8.525, 7.664, 19.466, -7.618
0.7, 1.8, -3.949, 8.134, 14.046, 31.267, -5.832
0.7, 2.1, -3.958, 8.449, 38.885, 38.412, -0.901
0.7, 1.6, -4.757, 8.291, 52.198, 50.031, 0.824
0.7, 2.2, -2.114, 7.416, 60.992, 49.023, 34.031
0.7, -13.0, 11.096, 11.445, -3.954, 13.450, -6.947
0.7, -7.1, 11.228, 8.078, -58.260, -10.458, -6.473
0.7, -5.2, -2.948, 14.423, -21.939, -18.198, -0.641
0.7, -1.9, -5.277, 9.055, 7.679, -12.229, 5.863
0.7, 1.0, 0.723, 8.399, 1.359, -9.282, 3.450
0.7, -3.6, 6.434, 13.563, 7.267, -15.145, -2.290
0.7, -11.0, 9.626, 9.950, -19.557, -32.809, -27.450
0.7, -7.5, 6.151, 9.390, -77.969, -41.603, -24.916
0.7, -4.0, -5.516, 9.705, -69.557, -46.061, -6.733
0.7, 0.3, -6.918, 7.391, -33.267, -37.252, 12.000
0.7, 3.1, -4.298, 7.134, -10.992, -24.015, 14.901
0.7, 2.3, -3.401, 7.854, 2.565, -10.916, 14.092
0.7, 2.1, -0.764, 8.292, -4.992, -4.122, 8.107
0.7, 0.3, -0.183, 9.133, -1.969, -2.076, -1.496
0.7, -0.4, -1.720, 9.764, -5.511, 3.603, -9.389
0.7, -1.1, -0.685, 9.753, 0.702, -4.397, -5.496
0.7, -1.8, 1.583, 9.341, -5.176, -0.901, -9.145
0.7, 1.5, 0.050, 9.732, -1.008, -3.420, -6.687
0.7, -1.9, 0.948, 9.612, 0.580, 0.870, -4.015
0.7, 0.8, 0.615, 9.694, 2.275, -1.435, -3.420
0.7, -1.9, 0.551, 8.880, -4.763, -0.046, 0.763
0.7, 1.1, -2.269, 9.577, -1.450, 0.031, -0.153
0.7, -1.5, 1.646, 8.817, -2.824, -2.382, 0.885
0.7, -0.1, -2.862, 9.735, -1.389, 1.237, -4.260
0.7, -1.4, 0.510, 9.039, -2.672, -3.618, 2.153
0.7, -1.2, -2.035, 8.934, -0.107, -2.687, -7.160
0.7, 0.7, 1.877, 9.467, 2.397, -3.420, -4.947
0.7, -1.5, -0.891, 8.811, -5.588, -0.214, 0.076
0.7, 0.8, 1.847, 9.946, -0.748, -3.374, -3.985
0.7, -1.9, -1.392, 9.182, -4.443, -0.198, 3.542
0.7, 0.2, 3.419, 10.189, 6.885, -4.840, -2.794
0.7, -1.5, -0.034, 8.723, -8.794, -1.893, 4.977
0.7, 1.0, -2.761, 9.054, 2.855, -5.527, 2.351
0.7, -2.6, 0.475, 8.527, 2.107, -7.023, 9.328
0.7, -0.3, -1.273, 8.871, 2.779, -11.542, 6.275
0.7, -2.6, -2.336, 8.333, 10.901, -20.046, 12.794
0.7, -1.2, -1.094, 7.317, 13.130, -27.557, 7.496
0.7, -3.5, -3.038, 8.733, 22.046, -37.756, 15.435
0.7, -2.1, -2.561, 7.541, 32.290, -46.855, 11.328
0.7, 1.4, 3.212, 13.069, 54.733, -41.573, -4.214
0.7, 3.3, 7.384, 9.261, -15.237, -19.603, -3.603
0.7, -0.2, -0.716, 11.406, -14.290, -9.252, 1.924
0.7, 3.8, 0.682, 10.451, 1.084, -2.779, -4.427
0.7, -1.2, 2.519, 8.890, -5.115, 2.855, 0.198
0.7, 1.6, 1.826, 10.086, -9.328, 6.214, -14.458
0.7, 0.2, 5.237, 10.034, -42.763, 28.412, -33.527
0.7, 2.9, -0.778, 11.214, -44.092, 38.840, -34.336
0.7, -1.7, -4.714, 8.950, -23.588, 40.565, 1.130
0.7, -1.4, -2.782, 8.994, 3.344, 40.702, 3.557
0.7, -1.4, 2.506, 7.875, -13.649, 31.725, 3.282
0.7, -3.7, -3.257, 7.928, -9.908, 25.160, 4.931
0.7, -2.2, -2.848, 8.207, -5.481, 11.802, -0.412
0.7, -3.4, -0.371, 8.485, 7.221, 5.191, 2.656
0.7, -1.3, -0.168, 8.316, -8.458, -3.023, -5.435
0.7, 0.0, 0.101, 9.531, 10.504, -0.473, 3.969
0.7, 0.6, 3.153, 9.734, -16.763, 0.733, -6.565
0.7, 0.7, -2.178, 9.075, 7.679, 5.634, 1.664
0.7, -2.1, 0.198, 9.542, -7.511, 0.015, -2.885
0.7, -2.2, 1.972, 9.464, -2.427, -3.038, 0.000
0.7, 0.7, -0.215, 9.406, -11.695, -3.802, -3.221
0.7, -0.7, -1.032, 9.046, 4.626, -0.901, 0.901
0.7, 0.9, -0.236, 9.118, -4.916, 2.107, 1.313
0.7, -2.5, 0.553, 9.938, -1.893, -3.069, 1.740
0.7, -0.3, 0.028, 9.790, -5.344, -1.298, 2.260
0.7, -2.0, -0.332, 9.704, 3.374, -5.206, -0.779
0.7, 0.0, 2.470, 9.196, -9.160, -2.473, 0.580
0.7, 0.3, -2.444, 9.340, -1.511, -0.260, -3.405
0.7, -1.1, 2.698, 8.836, -1.634, -1.695, -0.336
0.7, 0.7, -2.303, 9.625, 0.366, -1.679, -3.405
0.7, -1.6, 2.363, 9.809, -1.282, -7.435, 1.191
0.7, 1.3, -2.150, 9.148, -5.008, -2.305, -0.183
0.7, -2.0, -0.051, 8.668, 4.397, -2.275, 0.092
0.7, 2.4, 1.857, 9.036, -2.244, 2.427, -0.076
0.7, -3.2, -1.088, 9.422, -0.626, -2.794, -0.855
0.5, -0.9, -0.961, 9.303, -10.840, -0.427, -0.580
0.5, 0.5, -0.051, 9.098, 0.901, -3.130, 3.328
0.5, -1.6, 1.141, 9.297, -7.740, -0.198, -1.069
0.5, 1.0, -0.913, 9.485, -1.237, -7.710, 1.450
0.5, -1.9, -0.474, 9.401, -2.382, -2.504, -0.489
0.5, 1.1, -1.647, 9.476, 3.893, -5.481, 3.878
0.5, -2.7, 3.213, 9.000, -4.290, -0.412, -1.847
0.5, 2.7, -2.107, 8.734, -3.679, -1.252, 0.718
0.5, -1.2, 2.173, 8.462, -7.282, 6.214, 0.687
0.5, 2.4, 2.343, 8.933, -7.496, 6.687, 5.359
0.5, -1.1, 3.754, 7.578, -21.405, 15.725, 4.183
0.5, 2.3, 2.497, 8.678, -30.366, 18.947, 4.504
0.5, 1.3, 6.290, 8.089, -53.588, 30.595, 2.382
0.5, 2.4, 3.749, 8.199, -68.031, 40.260, 4.885
0.5, 0.7, 1.724, 10.378, -90.962, 30.595, -22.687
0.5, -5.9, -14.955, 12.657, -9.481, 10.275, 6.229
0.5, -7.9, -9.290, 10.653, 9.115, -1.115, -3.695
0.5, -1.2, -0.356, 10.952, 6.855, -13.420, -1.374
0.5, -1.9, -0.785, 9.688, 4.992, -6.198, -3.374
0.5, 2.1, -0.730, 10.366, 1.573, -11.221, -21.924
0.5, -6.7, -5.716, 10.132, 11.450, -28.427, -2.977
0.5, -10.0, -9.633, 11.028, 53.878, -28.840, 18.718
0.5, -3.8, -4.359, 10.076, 60.198, -40.107, 19.817
0.5, -3.6, -0.020, 9.871, 67.160, -36.183, 6.305
0.5, 1.1, 7.032, 7.469, 34.916, -28.962, -4.290
0.5, 4.4, 6.755, 7.555, 7.847, -12.443, -14.809
0.5, 2.5, 4.638, 6.730, -11.344, -3.344, -14.977
0.5, 1.8, 3.484, 9.623, -19.511, 2.214, -8.794
0.5, -1.7, -3.239, 7.982, -3.817, 1.939, -7.771
0.5, -0.5, 0.539, 9.858, 1.863, -0.748, 8.702
0.5, -2.5, 1.621, 9.275, -6.947, -3.053, 0.397
0.5, -0.9, -0.256, 9.232, -5.160, -3.969, 12.046
0.5, -1.0, -1.354, 9.499, -1.847, -4.855, -2.580
0.5, 0.4, -1.648, 9.260, 0.580, -2.443, 3.573
0.5, -1.3, 1.202, 8.827, -5.817, -3.496, -7.450
0.5, 0.1, -1.107, 9.790, -3.405, -2.595, -1.084
0.5, -0.9, -1.219, 8.805, -0.748, -1.481, -4.351
0.5, 0.3, 0.487, 10.124, -2.275, -1.725, 1.649
0.5, -1.4, 0.764, 8.598, -4.962, -2.611, -1.435
0.5, -0.1, -0.041, 9.892, -2.962, -1.771, 0.824
0.5, -1.4, -0.390, 8.610, -0.626, -1.344, 1.481
0.5, -0.1, 1.403, 9.463, 0.198, -2.840, -1.496
0.5, -1.9, -0.447, 9.164, -5.466, -3.908, -0.031
0.5, 0.5, 0.209, 9.553, -3.725, -3.405, 0.656
0.5, -1.6, -0.537, 9.062, 0.809, -3.939, -0.977
0.5, 0.1, -0.036, 9.509, -1.695, -3.130, -1.710
0.5, -1.0, 1.320, 8.936, -6.733, -6.214, -2.458
0.5, -1.2, 1.134, 9.051, -6.031, -8.076, -7.344
0.5, -2.0, 0.358, 8.169, -9.267, -12.718, -13.313
0.5, -1.6, 2.931, 9.459, -6.779, -18.092, -14.137
0.5, -1.9, 3.573, 7.638, -24.809, -29.405, -18.824
0.5, -2.5, 2.101, 8.164, -26.870, -38.427, -8.794
0.5, -1.6, -0.384, 9.278, -50.443, -44.015, 13.145
0.5, 5.7, -10.422, 10.800, -33.985, -23.924, 6.397
0.5, 4.0, -4.739, 10.096, 9.160, -16.840, 3.634
0.5, -0.2, 0.589, 10.556, 6.366, -5.542, 4.977
0.5, 2.6, -3.650, 10.953, 0.519, -1.038, -8.214
0.5, -0.2, 0.326, 9.987, 12.763, 1.130, 21.435
0.5, 1.4, -5.968, 11.376, 5.313, 16.137, 37.924
0.5, 2.6, -2.240, 12.374, 29.176, 39.511, 37.817
0.5, -2.1, 1.938, 10.386, 27.817, 34.931, 5.771
0.5, -1.7, 6.221, 9.210, 9.374, 30.962, 2.031
0.5, -2.9, 0.396, 8.305, -3.237, 28.092, -6.733
0.5, -3.0, 0.318, 8.120, 3.466, 13.053, -5.389
0.5, -2.6, 0.808, 7.143, 5.817, 6.840, -4.916
0.5, -2.3, 4.375, 7.992, -6.809, -3.710, -6.748
0.5, -1.1, -4.603, 8.838, -10.626, -3.008, 1.359
0.5, 0.3, 2.717, 9.606, 4.092, -3.237, -5.298
0.5, -1.0, -3.531, 10.144, -12.061, -6.931, 6.229
0.5, -1.6, 1.535, 9.947, 5.817, -1.481, -2.748
0.5, 0.5, -0.066, 9.955, -16.168, -5.939, 6.122
0.5, -0.7, -3.272, 9.158, 6.489, -3.069, -2.824
0.5, 0.9, 2.704, 9.681, -9.389, -1.847, 1.176
0.5, -0.9, -3.664, 9.461, 0.336, 0.321, -2.992
0.5, -0.1, 4.934, 9.655, -4.443, -0.122, -7.664
0.5, -0.4, -4.035, 9.055, -0.412, -1.359, 4.092
0.5, 0.8, 3.484, 9.165, -3.038, -0.626, -7.511
0.5, -0.4, -3.764, 8.843, -1.771, 3.160, 3.313
0.5, -0.7, 4.445, 9.708, 1.237, -0.779, -6.076
0.5, -1.0, -2.352, 9.231, -5.252, -0.275, 1.221
0.5, -1.2, 2.512, 9.758, 1.649, -2.962, -5.344
0.5, -0.4, -1.579, 8.991, -6.489, -4.198, 0.840
0.5, -0.7, 1.468, 8.521, -0.183, -2.855, -1.588
0.5, 0.3, -2.695, 10.080, -7.893, -2.321, 3.450
0.5, -2.3, 2.671, 10.017, 10.443, -1.206, 1.893
0.5, -0.5, -1.207, 9.936, -12.855, -7.053, -2.412
0.5, -0.6, 0.194, 8.890, 2.458, -0.870, 0.443
0.5, 1.3, -0.522, 9.652, -3.466, -1.160, -6.748
0.5, 0.2, 1.028, 8.909, 3.527, 0.519, -2.977
0.5, -2.0, 0.066, 9.797, -7.511, -6.565, -2.382
0.5, -1.1, -1.786, 8.865, -1.939, -1.603, 2.641
0.5, 1.3, 0.733, 10.551, -2.229, -2.611, -3.023
0.5, -0.1, 0.964, 9.131, 1.435, -0.473, 2.397
0.5, -0.3, 0.016, 9.640, -6.794, -5.145, -1.450
0.5, -0.9, -1.867, 8.984, 0.458, -0.473, 1.374
0.5, 0.0, 3.067, 10.125, -9.298, -6.412, -4.580
0.5, -1.2, -0.949, 9.465, -0.702, -1.176, 0.626
0.5, 1.1, 1.620, 9.900, -7.115, -4.214, -10.473
0.5, 0.2, -3.735, 8.583, 6.107, 1.374, 1.954
0.5, -1.2, 2.498, 10.017, -6.763, -3.786, -2.137
0.5, -0.2, -3.788, 8.271, 0.122, 2.977, 2.351
0.5, 0.7, 2.431, 9.607, -7.664, 0.504, -1.496
0.5, 0.3, -1.161, 7.881, 2.901, 8.427, 8.611
0.5, 0.9, 4.822, 7.810, -18.809, 13.802, 2.076
0.5, 4.8, -2.444, 6.537, -20.611, 31.069, 1.847
0.5, 4.2, 0.201, 7.235, -4.000, 44.046, 4.443
0.5, 6.1, -0.198, 4.949, -6.260, 72.153, 5.435
0.5, 6.2, 3.133, 5.644, -22.611, 96.382, 4.565
0.5, 4.8, -16.576, 4.914, -17.496, 87.664, -32.931
0.5, -5.9, 3.772, 25.492, 103.023, 61.481, 23.206
0.5, -18.5, 10.135, 12.450, -26.870, 21.237, -12.748
0.5, -7.4, -2.910, 14.368, -51.847, -13.664, -2.290
0.5, -9.1, -4.120, 10.212, 8.580, -18.183, -11.649
0.5, -1.5, -7.806, 11.328, 1.313, -26.809, 3.786
0.5, -13.2, 11.942, 19.150, 61.008, -32.427, 20.275
0.5, -23.2, 3.742, 10.100, -16.580, -82.519, -10.763
0.5, -5.7, 8.544, 8.501, -50.504, -96.702, -29.420
0.5, -1.1, -8.721, 6.925, -19.176, -80.718, -2.870
0.5, 3.4, -5.237, 5.630, 18.214, -60.977, 0.443
0.5, 4.9, -2.055, 5.371, 8.168, -37.969, 5.603
0.5, 4.7, 1.938, 6.764, -6.595, -25.695, 3.145
0.5, 3.9, 0.893, 6.930, -4.000, -5.328, 9.664
0.5, 2.9, 2.699, 6.883, -18.168, 3.298, 0.611
0.5, 1.2, -5.284, 9.007, 5.038, 4.962, 3.069
0.5, -2.1, 3.888, 8.800, -11.863, -0.031, -2.351
0.5, -1.9, -1.942, 10.014, -2.092, -2.214, -5.908
0.5, -0.7, -1.445, 9.463, -0.687, -3.389, -5.267
0.5, -0.4, 1.407, 9.714, -8.718, -3.282, -4.015
0.5, 0.3, -2.054, 8.947, 3.725, -2.137, -0.824
0.5, 0.5, 0.344, 8.844, -3.221, 1.649, -0.321
0.5, 0.5, 0.334, 9.663, -0.840, 1.252, -4.214
0.5, -1.0, 0.156, 9.738, -2.931, -0.473, -0.687
0.5, -0.7, 0.936, 9.628, -5.511, -1.664, -3.130
0.5, -1.1, -1.827, 9.738, -0.718, -5.664, -1.557
0.5, 0.6, 1.976, 8.872, 1.359, 0.427, 1.771
0.5, -0.0, 1.087, 9.807, -9.053, -2.168, -1.664
0.5, -1.5, -0.541, 9.635, -3.359, -2.504, 2.931
0.5, 0.1, 0.162, 9.318, -2.397, -1.481, -1.176
0.5, -1.5, -1.417, 9.588, -4.382, -4.565, -2.153
0.5, 0.2, 1.566, 9.341, -3.359, -1.496, -1.282
0.5, -0.2, -1.823, 9.349, -2.107, -0.092, -3.969
0.5, -1.2, 0.984, 9.282, 4.260, -3.481, -2.061
0.5, 0.7, 0.511, 8.716, -10.244, -1.344, -4.534
0.5, -0.6, -3.359, 9.261, 6.779, -3.893, -4.290
0.5, -1.1, 4.125, 8.647, -2.718, -7.695, -7.435
0.5, -2.9, 0.583, 8.431, -16.092, -15.466, -9.817
0.5, -0.7, -1.316, 8.240, -2.015, -19.588, -8.015
0.5, -2.1, -0.077, 7.513, 0.779, -32.229, -9.115
0.5, -3.9, 1.463, 6.388, -6.046, -48.656, -5.695
0.5, -3.7, -0.950, 6.330, -6.504, -72.885, -7.847
0.5, -4.9, -1.671, 6.808, -5.115, -79.405, 30.275
0.5, 0.1, -7.433, 8.514, -4.427, -77.618, 19.267
0.5, 1.5, -8.622, 8.941, 61.771, -70.412, 3.130
0.5, 9.3, 16.530, 8.340, 19.664, -51.435, 3.573
0.5, 3.1, 7.778, 15.372, -47.695, -26.840, -4.473
0.5, 6.3, -7.441, 12.957, 11.664, -7.115, -8.244
0.5, 2.7, -0.885, 10.148, 21.130, 6.473, 22.122
0.5, 2.5, 0.939, 12.452, 18.794, 34.046, 13.237
0.5, 2.8, 5.377, 13.121, 1.008, 65.786, -23.252
0.5, -1.4, 6.153, 12.986, -21.252, 77.008, -28.183
0.5, -2.3, -0.194, 10.375, -31.542, 72.519, -10.427
0.5, -2.4, -5.638, 7.489, -5.939, 69.389, -0.061
0.5, -3.7, -0.770, 7.670, 12.885, 59.725, 3.649
0.5, -3.7, 3.640, 6.731, -5.893, 47.008, -3.069
0.5, -3.3, -2.686, 6.958, -15.298, 32.122, 0.656
0.5, -2.9, 0.103, 7.129, -4.076, 22.519, 6.229
0.5, -4.8, -0.555, 7.421, -7.511, 9.924, 2.214
0.5, -2.6, -1.683, 8.205, 2.092, -1.115, 6.443
0.5, -0.6, 1.638, 8.592, 0.168, -5.511, 0.489
0.5, -0.8, 2.296, 9.115, -7.969, -4.519, -5.267
0.5, -0.7, -2.459, 9.215, -1.374, -4.153, -0.397
0.5, -0.6, 2.793, 9.524, -2.015, -6.748, -1.328
0.5, -0.5, 0.650, 9.675, -10.870, -7.802, -2.015
0.5, 0.1, -3.316, 8.926, -3.313, -2.519, 3.420
0.5, -0.3, 3.041, 9.618, 0.137, -2.977, 0.305
0.5, -1.0, 1.264, 9.397, -14.702, -1.405, 3.008
0.5, -0.4, -4.588, 9.233, 7.557, -3.710, 2.092
0.5, -1.5, 3.786, 8.625, -1.847, -4.870, -0.168
0.5, 0.5, -1.618, 9.571, -9.802, -0.916, 1.710
0.5, -1.7, -1.085, 8.910, 8.718, -1.344, 2.382
0.5, -1.4, 1.991, 9.293, -8.275, -6.458, -0.992
0.5, 0.1, -3.430, 9.187, -2.290, -1.420, 3.954
0.5, -0.5, 3.142, 9.154, -2.427, -3.359, -1.695
0.5, -0.5, -0.236, 9.720, -9.298, -2.260, -0.855
0.5, -0.9, -2.474, 9.205, 4.595, -2.260, 2.260
0.5, -1.5, 4.592, 9.449, -8.962, -5.725, -4.641
0.5, -0.9, -2.495, 9.840, -8.229, -5.618, 2.076
0.5, 0.4, -2.173, 9.546, 9.282, -4.611, -0.076
0.5, -0.2, 2.986, 9.284, -7.740, -4.214, -3.298
0.5, 0.7, -3.727, 8.648, -2.153, -0.046, 1.496
0.5, -1.9, 4.757, 9.322, -0.183, -3.588, -4.733
0.5, -0.2, -2.209, 9.703, -7.985, -1.450, 2.947
0.5, -0.2, -1.609, 9.717, 9.649, -0.840, 3.863
0.5, -1.1, 2.988, 9.385, -5.328, -0.855, -2.779
0.5, -0.1, -2.719, 9.448, -1.389, -0.214, 1.542
0.5, -1.6, 3.127, 10.057, -5.893, -3.481, -4.214
0.5, -0.2, -2.348, 9.596, -4.565, -0.641, 5.328
0.5, 4.2, 18
