0.0, -0.5, 0.062, 9.189, -2.840, -1.710, -0.580
0.0, -0.5, -0.227, 9.212, -0.198, -7.878, -1.771
0.0, -0.4, 1.033, 9.187, -1.725, -5.298, 0.183
0.0, -0.0, 0.251, 9.667, 0.260, 2.489, -0.672
0.0, 0.4, 0.952, 9.365, -0.748, -5.191, 1.191
0.0, -2.0, 0.611, 9.060, -2.244, -6.672, 0.504
0.0, 0.0, -1.081, 9.556, 2.229, 2.351, -0.916
0.0, -2.6, 0.976, 9.215, -3.863, -1.786, -3.282
0.0, -0.3, -1.156, 9.360, 0.565, 0.244, -0.443
0.0, 0.1, 0.232, 8.744, 0.031, 8.550, -5.328
0.0, 0.3, -0.469, 8.947, -3.481, -3.282, -3.008
0.0, 0.6, -0.189, 9.747, -7.725, -0.198, -1.511
0.0, -0.1, -0.078, 9.073, -12.153, -6.458, 4.855
0.0, 0.6, -0.356, 9.181, -1.588, -0.855, -1.695
0.0, -4.0, 0.153, 8.740, -3.695, -3.084, -2.779
0.0, -0.6, 1.205, 9.263, -4.397, -7.786, 3.893
0.0, -2.3, 0.275, 9.554, -2.275, -3.924, -0.366
0.2, -2.1, -1.189, 9.336, -1.603, -3.374, -2.565
0.2, -0.4, -0.700, 8.709, -1.802, -1.038, -0.046
0.2, 0.7, 0.966, 8.629, 6.809, -9.786, -0.916
0.2, -1.1, -1.699, 9.571, 0.931, -1.878, 3.817
0.2, -1.0, 1.391, 9.869, -26.977, 6.687, -15.542
0.2, 0.3, -0.408, 8.867, -2.443, -3.893, -1.191
0.2, 0.0, -0.334, 9.103, -1.527, -7.511, 1.237
0.2, -1.3, 0.904, 10.040, 1.618, -3.832, 0.031
0.2, 0.7, 0.691, 8.510, -6.137, 0.992, -2.412
0.2, -1.4, 1.666, 9.178, -1.679, -7.771, -1.557
0.2, -1.0, 0.373, 8.704, -20.458, 6.168, -1.557
0.2, -3.7, -1.427, 9.175, 1.130, -4.565, -2.366
0.2, -2.4, -1.439, 10.166, 11.115, -10.534, -7.771
0.2, -0.5, 1.228, 8.929, -3.710, -5.802, -1.786
0.2, -1.5, -0.022, 9.567, -7.618, -1.496, -0.336
0.2, 0.6, 0.542, 9.346, -2.534, 0.382, 0.779
0.2, -0.3, 0.057, 8.718, -1.603, 1.298, -1.267
0.2, 0.2, 1.162, 9.240, -6.748, -12.809, -7.191
0.2, 0.1, -0.056, 9.428, -4.076, 1.908, -3.649
0.2, -0.6, -0.870, 8.657, -3.527, 9.084, 2.947
0.2, 0.4, 1.760, 9.957, -4.168, -0.443, -2.733
0.2, -0.3, -1.161, 8.855, -1.282, -5.405, -0.107
0.2, 0.6, -0.305, 9.087, -8.443, 1.053, -4.000
0.2, -2.4, 2.880, 9.546, -8.290, -6.382, -1.328
0.2, -0.2, 1.548, 8.973, -5.221, 2.031, -0.931
0.2, 0.3, -0.314, 9.442, -3.435, 1.863, 1.191
0.2, 0.7, 1.202, 7.606, -8.427, -0.550, -0.794
0.2, -8.8, 3.893, 10.593, 10.733, -22.458, -11.374
0.2, -0.6, -2.395, 9.251, -3.786, -2.015, -3.695
0.2, -2.0, -0.905, 9.212, -5.542, -7.527, -3.908
0.2, 0.4, 2.158, 9.254, -4.702, -2.260, -1.634
0.2, -1.0, 0.478, 8.235, -0.718, -15.115, -3.802
0.2, -0.8, -0.899, 8.942, -9.160, -6.382, -0.321
0.2, -3.0, 0.913, 9.316, 6.702, 32.061, -3.863
0.2, -0.2, -3.017, 9.720, 3.038, 0.107, 1.359
0.2, 0.7, -0.930, 9.537, -3.634, -0.992, 3.435
0.2, -2.2, 1.675, 9.258, 4.534, -3.695, -1.573
0.2, -1.0, 1.899, 8.572, -5.328, -3.466, -0.611
0.2, 1.2, 0.740, 9.177, 0.580, 9.832, -8.931
0.2, -3.6, 2.587, 9.849, 5.847, -1.206, 1.420
0.2, -0.2, -2.630, 8.915, 0.962, -5.511, 6.122
0.2, -1.6, 3.977, 9.189, -0.855, -3.985, -1.573
0.2, 0.2, 5.769, 9.263, -23.832, -4.748, -7.298
0.2, -1.9, 2.005, 8.681, 7.160, -4.427, 5.008
0.2, -1.1, -0.852, 8.888, -0.397, 3.405, -0.412
0.2, -1.4, -0.122, 8.185, -11.084, 10.015, 11.038
0.2, 0.4, 1.975, 9.276, -4.122, -2.916, 0.137
0.2, -1.3, -3.511, 9.363, 4.198, 0.641, -0.611
0.2, 1.7, 4.422, 8.098, -15.420, -0.824, -2.107
0.2, -1.6, 4.602, 8.641, 5.252, 1.511, -3.099
0.5, -1.7, -1.051, 11.766, -73.832, 8.672, -15.847
0.5, -3.7, 0.182, 9.916, 26.550, -23.405, 8.260
0.5, -0.9, -1.877, 8.918, -2.702, -5.344, 4.885
0.5, 0.4, 0.571, 9.911, -7.145, -5.969, -5.969
0.5, -0.8, -0.368, 9.276, 10.321, -3.847, 1.145
0.5, -1.3, -0.299, 9.937, -30.000, -33.542, 5.023
0.5, 0.9, -2.431, 9.688, 2.000, 18.366, 19.969
0.5, -0.8, 0.187, 9.641, -2.214, 3.786, -1.008
0.5, -0.4, 1.359, 9.477, -1.267, -1.053, -4.641
0.5, -1.0, -2.034, 8.912, 1.649, -1.466, 1.664
0.5, 1.6, 1.912, 9.620, -4.885, -0.672, -0.885
0.5, 2.6, 0.418, 8.223, -6.687, 25.542, 1.573
0.5, -2.3, 5.635, 8.903, 4.000, -3.557, 0.031
0.5, -1.8, -0.006, 9.039, -5.145, -2.168, 1.985
0.5, -0.1, 1.128, 8.697, -4.595, -2.504, 0.183
0.5, -0.8, 0.031, 8.527, -3.878, -2.809, -0.916
0.2, -1.7, -0.147, 8.156, -11.863, -12.015, -3.466
0.2, 3.0, -4.086, 10.866, 4.733, 11.939, -9.481
0.2, -3.8, 1.936, 7.755, -9.924, 27.710, 2.626
0.2, -2.5, 1.377, 9.374, -1.954, -4.473, -1.313
0.2, -1.1, -1.483, 9.791, -6.198, 1.695, 2.687
0.2, 1.2, 0.953, 9.328, -13.466, -3.099, -2.107
0.2, -1.3, 0.565, 9.746, -10.443, -3.359, -2.000
0.2, -0.5, -1.689, 9.774, -7.237, 1.237, -2.534
0.2, -1.6, -1.782, 8.797, -1.008, -2.351, -1.069
0.2, 0.1, 0.098, 9.499, 15.786, 8.198, 0.641
0.2, 1.0, -3.339, 8.842, 16.046, 3.099, 10.656
0.2, -0.1, -3.948, 9.051, -14.351, -10.611, 8.931
0.2, -1.9, 0.533, 9.400, 2.427, -1.481, 0.061
0.2, -3.9, 2.993, 9.027, 0.397, -5.313, 0.076
0.2, -1.0, -0.249, 9.147, -6.198, -5.496, -2.687
0.2, 1.1, 1.749, 9.991, 42.214, -34.351, -12.321
0.2, 0.0, 1.453, 12.772, -27.954, 21.786, -40.809
0.2, -1.7, 2.371, 8.752, -3.237, -0.397, -3.450
0.2, 1.9, -2.577, 8.855, -6.733, 1.389, -0.061
0.2, 1.1, -2.866, 8.707, 2.580, -0.702, 1.863
0.2, 0.1, 2.692, 9.339, 11.435, -0.122, 1.328
0.2, -1.8, -1.973, 8.964, -15.588, -3.313, -2.641
0.2, 0.0, 3.253, 8.295, -34.565, 20.641, -0.779
0.2, -4.7, -4.641, 10.888, 43.557, -17.374, 14.382
0.2, -1.3, 1.401, 10.046, -9.557, -4.458, 5.405
0.2, -0.7, 0.526, 9.473, -9.053, 0.305, -1.466
0.2, -1.2, -0.675, 9.793, -8.580, -4.931, -2.214
0.2, -1.3, -2.419, 8.733, -5.542, -7.160, -1.405
0.2, -1.9, 0.747, 10.914, 5.084, -6.229, 7.634
0.2, -2.5, 1.860, 8.443, 6.412, 18.412, -1.649
0.2, -1.7, -1.781, 9.330, -1.954, -0.656, -0.641
0.2, 0.4, 1.008, 9.515, -7.847, 0.977, -3.786
0.2, -0.4, 0.555, 9.006, -2.336, -7.710, 1.756
0.2, -0.9, 1.992, 8.417, -4.641, -4.046, -0.214
0.2, 0.1, 1.551, 9.055, -7.557, -4.824, 1.252
0.2, 2.3, -1.626, 9.349, -9.924, 1.679, -2.840
0.2, 3.5, 0.571, 8.119, -8.595, 38.672, 5.023
0.2, -20.0, 4.494, 11.171, 2.794, -27.542, 10.290
0.2, -0.8, 0.108, 8.934, 0.412, -3.924, -1.282
0.2, -1.2, 0.066, 9.712, -0.168, -0.382, -1.756
0.2, -1.6, 0.230, 9.404, -0.321, -1.756, -0.046
0.2, -0.8, -0.462, 9.789, 0.580, -1.435, -1.603
0.2, 0.5, 0.120, 9.799, -2.611, -0.733, -0.641
0.2, -0.6, 0.207, 9.940, -1.847, -7.817, -3.298
0.2, 3.0, -3.692, 9.104, 10.397, -43.298, 5.160
0.2, -0.7, 0.025, 6.913, -4.855, 54.672, -2.504
0.2, 0.7, -0.150, 9.035, -2.916, 6.076, 0.580
0.2, -0.4, 0.260, 8.971, -2.687, -0.229, -0.855
0.2, -0.7, 0.053, 9.143, -2.718, -1.832, -0.626
0.2, -0.6, 0.065, 9.249, -2.794, -1.695, -0.611
0.2, -0.7, 0.113, 9.153, -2.885, -1.664, -0.626
0.2, -0.6, 0.078, 9.159, -2.901, -1.618, -0.489
0.3, 4.0, 17
