0.0, -0.5, 0.080, 9.240, -2.763, -1.588, -0.534
0.0, -0.1, 0.955, 9.384, -3.618, -0.061, -1.450
0.0, -0.2, -0.214, 8.985, -0.122, 1.298, -1.160
0.0, -0.1, -0.494, 9.462, 1.649, 2.824, -0.229
0.0, -2.9, 1.574, 9.011, -0.153, -7.313, -1.634
0.0, -0.7, 0.018, 9.202, -1.603, 0.198, -0.595
0.0, 0.4, 0.455, 8.879, -0.382, -1.924, -0.763
0.0, 0.7, 0.339, 8.728, 0.427, 1.878, -4.412
0.2, -1.4, 0.558, 11.885, -29.450, -6.015, 3.099
0.2, -0.7, 0.090, 9.760, -4.962, -0.412, -0.412
0.2, 0.6, -1.239, 9.281, -10.458, -5.786, 1.527
0.2, -2.4, 0.642, 8.793, -0.397, -4.641, -0.015
0.2, -0.3, 1.202, 8.874, -6.473, -2.122, 1.435
0.2, 1.3, -0.333, 9.146, -1.511, -0.198, -2.046
0.2, -0.8, 2.284, 10.075, -10.168, -1.023, -8.275
0.2, -0.1, 1.755, 10.093, -12.916, 13.847, -17.313
0.2, -0.7, 1.487, 9.348, -8.641, -3.847, -4.336
0.2, -0.4, 0.412, 9.615, 1.939, -3.099, -3.725
0.2, 0.8, 0.317, 9.670, -3.267, -1.802, -4.885
0.2, 0.6, 0.190, 8.481, 4.168, -6.748, -0.779
0.2, 2.2, 1.069, 8.510, 23.267, -7.969, -9.679
0.2, 0.2, 1.483, 8.663, -6.443, 1.405, -2.076
0.2, -1.4, -0.971, 9.224, -4.977, -2.122, 2.076
0.2, 3.0, 0.169, 10.776, -24.733, -18.382, -0.931
0.2, -2.1, 1.307, 8.707, 0.137, 14.214, 9.313
0.5, 1.4, -0.029, 9.515, 2.824, 3.466, -4.107
0.5, -3.1, -5.266, 10.300, -3.817, -8.000, -1.893
0.5, -1.0, 0.051, 9.066, -4.351, 1.160, 2.718
0.5, -8.6, -4.023, 12.352, -8.336, 8.595, 6.504
0.5, -1.6, -4.799, 9.048, 8.336, -50.763, 1.527
0.5, 0.6, -0.857, 8.881, -3.802, -2.565, 1.618
0.5, -0.2, 0.551, 9.030, -2.137, -4.626, 3.527
0.5, 0.6, 2.623, 10.088, -2.534, -1.328, 0.061
0.5, -1.6, -0.885, 7.517, 2.107, 25.847, 3.099
0.5, 0.9, 2.616, 9.017, -0.656, 0.550, -5.191
0.5, 1.9, -0.654, 9.098, 5.893, -2.855, -5.221
0.5, 2.6, -1.544, 8.443, 5.267, 4.580, -7.160
0.5, -6.8, 4.385, 9.902, -24.656, -20.534, 6.076
0.5, -0.8, 2.245, 8.758, -1.863, -0.305, -1.649
0.5, -0.9, 1.283, 8.613, -2.702, -2.015, -2.656
0.5, 3.6, 5.104, 13.157, 44.519, -20.076, -3.725
0.5, -3.1, -0.731, 7.491, -9.802, 7.863, 6.137
0.5, -0.2, 3.703, 9.167, 4.702, -0.168, -3.649
0.5, 0.7, 2.427, 9.378, -3.282, -0.275, -0.901
0.5, -0.7, -1.362, 8.465, -14.015, 6.198, 5.893
0.5, 1.8, 1.366, 8.035, -2.885, 3.985, 2.504
0.5, -0.7, -1.446, 9.985, -7.710, -9.298, -2.351
0.5, -0.4, -2.016, 9.462, 1.771, -0.718, -1.618
0.5, 7.0, -7.216, 10.894, -22.275, -23.176, -0.824
0.5, -2.3, -1.688, 8.188, 0.855, 20.962, -6.366
0.5, 1.0, 1.390, 10.815, -3.695, 3.771, -8.840
0.5, -0.7, -1.933, 9.997, 1.603, -1.374, 3.145
0.5, 5.2, -0.369, 6.888, -4.992, 53.008, 0.580
0.5, -13.2, -8.133, 11.963, -2.092, -52.275, 6.214
0.5, -2.0, 0.648, 8.809, 4.168, -4.351, 3.832
0.5, -0.4, 2.857, 9.385, -5.679, -5.084, -7.420
0.5, -4.9, -2.212, 6.432, 1.618, -89.221, 5.679
0.5, -5.3, 0.579, 8.951, -14.626, 61.023, 8.397
0.2, -0.6, -2.116, 9.527, -3.954, -2.214, 0.336
0.2, 0.1, 0.781, 8.910, -9.649, -2.824, -1.847
0.2, 0.1, -0.251, 9.741, -7.221, 0.214, -2.046
0.2, -1.6, 0.692, 9.067, -3.099, 3.374, -2.000
0.2, 0.2, -0.317, 8.995, 6.031, 1.756, -2.809
0.2, -0.6, 0.000, 7.153, 0.122, -12.947, 11.786
0.2, 0.1, -4.744, 8.548, -4.916, -1.649, 1.649
0.2, -0.2, 1.328, 9.038, -6.977, -0.779, -4.137
0.5, -0.2, 1.543, 9.046, -5.389, -0.153, -1.802
0.5, -1.1, 0.824, 9.078, 1.221, 3.053, -2.870
0.5, -1.9, 0.036, 8.334, -6.595, 3.679, 6.504
0.5, -1.1, -2.553, 9.051, -1.405, 0.809, 0.779
0.5, -0.3, 0.834, 10.506, -7.924, 0.015, 2.885
0.5, 1.9, 0.988, 9.726, -4.947, 3.527, -0.336
0.5, 2.2, 2.685, 9.079, 5.985, -6.137, -8.397
0.5, -0.5, 2.986, 9.003, -6.656, 2.916, 4.626
0.5, -0.8, -0.769, 9.026, -7.435, -3.634, -0.824
0.2, -2.4, 2.048, 8.724, -12.092, -10.931, -3.282
0.2, -2.0, -0.020, 7.895, -1.664, -0.092, 2.977
0.2, -0.8, 1.221, 9.026, -6.916, -4.061, -0.947
0.2, 0.1, 3.576, 9.779, -3.298, -2.321, -0.702
0.2, -1.2, -1.490, 8.924, -2.748, -1.435, 0.397
0.2, -3.3, 3.724, 10.349, 4.458, -1.069, -0.565
0.2, 3.4, 2.186, 7.360, -10.290, 33.221, -0.336
0.2, -15.1, -1.407, 11.524, -6.885, -74.794, 5.603
0.5, 0.1, -0.721, 8.455, 5.969, -1.053, 1.145
0.5, -0.6, -2.605, 9.458, -0.321, -2.137, -0.809
0.5, -0.7, -1.517, 8.849, -10.672, -5.053, -3.664
0.5, 3.1, 5.689, 11.779, -31.939, -19.298, -1.160
0.5, -2.2, 1.105, 7.633, -9.099, 21.176, -0.641
0.5, -1.0, -2.537, 9.149, -2.931, -2.214, 0.824
0.4, 3.8, 16
