0.0, -0.4, 0.095, 9.220, -2.718, -1.664, -0.641
0.0, -0.4, 0.084, 9.190, -2.656, -2.779, -0.275
0.0, 0.5, 0.194, 9.249, -2.611, -1.420, 0.031
0.0, -0.3, 0.146, 9.285, -2.229, -4.977, -0.046
0.0, 2.4, 0.329, 9.122, -3.069, -3.893, 3.038
0.0, 2.0, -0.115, 8.947, -2.260, 2.748, 0.061
0.0, -1.1, 0.368, 9.415, -3.084, -9.130, -2.260
0.0, 3.2, 1.104, 9.388, -4.977, -0.840, -2.092
0.0, 3.0, -0.075, 9.017, -2.580, 3.435, -3.435
0.0, -1.3, -0.504, 9.748, -0.107, -5.115, 1.053
0.0, 1.7, 0.599, 9.511, -1.481, -2.290, 0.641
0.0, 1.9, 1.001, 9.497, -1.618, 0.824, -0.565
0.0, 0.8, -0.414, 9.096, -2.427, -0.305, -2.382
0.0, -1.5, -0.014, 9.713, -1.023, -3.481, 1.176
0.0, 4.1, -0.442, 9.655, 3.115, 3.450, -2.656
0.0, 1.2, -0.097, 9.394, -7.160, -1.679, -0.611
0.0, -1.5, -1.024, 10.034, 0.183, -9.328, 0.519
0.0, 4.9, 1.372, 9.445, 1.863, -2.061, -1.481
0.0, 2.1, 0.813, 9.021, -8.122, 2.427, -4.595
0.0, -2.3, -2.476, 9.643, -0.687, -6.092, -0.855
0.0, 3.3, 1.711, 8.839, -11.130, -0.275, -1.099
0.0, 0.0, 3.542, 9.498, -10.275, -1.206, 2.153
0.0, 0.1, -2.486, 9.782, -0.947, -2.397, 3.038
0.0, 1.8, -1.161, 8.729, 0.992, -5.328, 0.977
0.0, -0.2, -1.873, 9.170, 10.901, -3.939, -0.443
0.0, 2.3, 4.610, 8.782, -8.656, 0.183, -0.107
0.0, 3.4, -2.351, 8.417, 6.397, 14.412, -9.527
0.0, 4.4, -3.677, 8.699, 21.221, 25.466, -2.153
0.0, 1.7, -3.267, 8.169, 32.519, 34.992, 18.153
0.0, -6.0, 4.524, 6.730, 46.992, -7.237, -10.366
0.0, -0.4, 4.670, 9.614, -34.916, -5.099, -7.008
0.0, 1.3, -3.789, 9.169, 29.954, 5.985, -2.229
0.0, -4.4, 8.972, 9.215, -39.298, -31.985, -16.275
0.0, -1.1, -7.761, 9.137, -58.382, -33.786, 3.908
0.0, 4.6, -5.483, 6.731, -19.328, -19.710, 8.885
0.0, 5.2, -3.874, 6.835, 7.954, 0.901, 9.435
0.0, 2.7, -0.326, 9.762, -1.740, -4.794, -4.534
0.0, -0.0, 0.372, 8.739, -2.473, -6.321, -4.366
0.0, 0.8, -0.101, 9.170, -1.496, -6.611, -2.275
0.0, 0.9, 1.055, 9.499, -11.527, 2.519, -2.840
0.0, -0.9, -2.801, 8.930, 4.748, -3.679, 6.870
0.0, -2.0, -2.714, 7.901, 6.000, -21.634, 16.168
0.0, -3.6, -3.681, 11.897, 49.863, -33.985, -22.076
0.0, 8.6, 10.244, 8.055, -19.145, -10.626, -9.038
0.0, 1.8, 4.029, 10.444, -38.702, -2.550, -4.076
0.0, 2.5, -6.810, 8.046, 4.382, -1.634, 0.702
0.0, 2.2, 1.142, 11.128, 4.595, 6.229, -20.489
0.0, 8.3, 10.866, 8.826, -25.573, 28.626, -20.595
0.0, 0.7, 1.654, 8.487, -50.000, 22.397, -9.985
0.0, -0.8, -6.187, 6.669, -20.122, 3.511, 6.733
0.0, -0.7, 0.674, 9.249, 0.473, -2.122, 7.847
0.0, -0.4, 1.952, 9.664, -9.038, -1.435, 0.260
0.0, 0.8, 0.205, 10.256, -1.099, -3.160, -1.542
0.0, -0.5, -1.190, 8.710, -8.977, -5.069, -3.908
0.0, 0.4, 1.823, 7.478, -9.924, -4.550, 3.649
0.0, 0.5, 2.851, 8.796, -6.107, 3.588, 1.786
0.0, 1.8, 3.508, 5.741, -49.740, 24.305, -2.977
0.0, 5.5, 3.256, 11.667, -81.618, 10.794, -22.015
0.0, -6.9, -11.436, 11.823, 24.962, 5.450, -5.802
0.0, -2.3, 4.004, 12.185, 25.527, -35.282, 13.725
0.0, 0.1, 1.469, 9.765, 15.908, -25.634, -10.473
0.7, 5.2, 4.262, 5.729, -7.115, 0.962, -3.924
0.7, 4.3, 3.649, 8.139, -23.542, 6.168, -2.153
0.7, -1.3, 0.305, 9.985, -14.137, -2.000, 1.878
0.7, 0.9, -0.742, 9.125, -7.191, 3.405, 5.099
0.7, -0.2, 4.956, 8.021, -12.260, -8.901, -4.107
0.7, -2.3, 1.575, 7.011, -11.313, -22.397, -14.977
0.7, -6.6, 0.877, 9.012, -36.885, -36.168, 10.870
0.7, 3.9, -4.541, 9.413, -18.290, -28.137, -16.656
0.7, 1.2, -2.704, 11.615, 14.763, 1.328, 23.420
0.7, 4.2, -6.732, 12.632, 34.840, 26.885, 6.626
0.7, 1.3, 2.816, 6.659, -0.092, 13.557, -9.908
0.7, -1.4, -3.184, 8.055, 1.359, 5.649, -17.038
0.7, -1.2, 1.654, 8.867, -2.458, -6.870, 0.779
0.7, -0.3, 3.645, 9.002, -22.183, -7.008, -6.168
0.7, -1.7, -6.287, 10.465, 9.908, -4.443, -0.916
0.7, 3.9, 1.603, 8.935, -11.176, -9.878, -6.840
0.7, 0.7, -3.858, 9.117, -2.229, 13.603, -1.405
0.7, 4.4, 1.462, 5.837, -10.427, 41.817, 5.206
0.7, 9.5, 0.176, 10.212, -3.115, 63.863, 13.985
0.7, -4.6, 5.034, 11.635, -42.733, 44.901, 1.328
0.7, -7.6, -8.399, 14.131, -7.939, 6.656, -0.992
0.7, -20.4, -10.495, 17.770, 47.511, -38.855, 8.534
0.7, -2.7, 1.087, 9.935, -1.817, -70.901, 2.534
0.7, 8.6, 0.235, 6.257, 20.061, -36.733, 0.260
0.7, 6.5, 5.719, 6.086, 17.298, -3.511, -4.565
0.7, 3.1, 4.173, 4.573, 10.366, -2.901, 0.840
0.7, 0.6, 3.266, 5.862, 4.809, -58.000, -0.015
0.7, -4.6, 3.268, 8.024, -24.733, -58.504, -6.427
0.7, 10.3, 2.903, 11.571, -21.221, -29.939, -0.489
0.7, 4.3, -6.291, 13.206, 31.328, 46.824, 29.511
0.7, 11.2, 3.314, 10.534, -14.214, 62.122, 12.916
0.7, -10.7, -8.157, 6.603, -5.527, 38.702, 10.718
0.7, -2.5, 1.429, 5.691, 1.847, 22.687, 6.122
0.7, -2.9, 2.533, 8.106, 3.618, 12.366, 3.878
0.7, -0.9, -1.131, 8.436, 5.893, -4.595, -4.748
0.7, 1.3, 1.401, 9.389, -15.573, 4.763, -10.931
0.7, 3.2, -3.773, 6.822, 55.191, 49.023, -5.435
0.7, 2.2, -0.731, 12.398, 42.290, 14.137, 48.473
0.7, -24.5, 39.071, 4.221, -125.466, -58.366, -5.282
0.7, 2.1, -9.189, 6.495, 40.382, -20.519, 14.076
0.7, 1.0, 2.228, 10.393, 1.908, -11.008, -0.214
0.7, -0.3, 1.207, 8.952, -3.374, -11.969, 3.435
0.7, -1.4, -6.389, 7.082, 27.344, -24.580, 12.015
0.7, -3.8, -1.293, 7.946, 42.534, -46.519, -0.733
0.7, 0.1, 17.783, 12.524, -1.924, -8.794, -29.649
0.7, 6.1, 1.053, 9.846, -78.366, 21.542, -8.427
0.7, 0.1, -12.547, 4.972, -24.046, 16.626, 5.405
0.7, -1.3, 7.219, 9.809, 22.702, 3.206, 12.824
0.7, -0.4, 2.182, 8.461, -2.947, 2.504, 8.519
0.7, -0.9, -3.517, 9.321, -5.939, -1.145, 0.214
0.7, -1.6, -0.463, 10.095, 0.412, -4.687, 2.076
0.7, 1.8, 3.147, 8.587, -10.550, 6.015, -0.260
0.7, -1.5, 1.016, 7.915, -9.405, 8.748, 3.481
0.7, 6.5, 4.299, 5.656, -29.099, 28.595, -14.198
0.7, 0.2, 1.614, 13.455, -95.695, 21.084, -32.260
0.7, -10.7, -38.001, 17.314, 46.305, -16.580, 55.252
0.7, -13.6, 11.615, 10.651, 122.153, -28.947, -17.924
0.7, 2.4, 5.171, 8.329, 5.725, -10.855, -1.695
0.7, -1.9, 5.112, 7.446, -34.595, -8.137, 0.519
0.7, 2.6, -6.112, 5.334, -4.412, -3.924, -2.901
1.2, -5.4, 5.046, 6.178, -18.489, -30.733, -10.641
1.2, -2.1, -0.688, 8.912, -54.779, -49.939, -6.626
1.2, 8.4, -14.788, 13.718, 5.328, 12.290, 27.405
1.2, 3.3, 7.462, 14.656, 66.947, 38.153, -23.008
1.2, -8.0, 6.468, 7.995, 37.313, 8.260, 8.305
1.2, 4.3, 5.641, 9.786, -15.313, 22.305, 11.267
1.2, -5.2, -3.968, 11.010, 33.053, 4.504, 4.321
1.2, -1.8, 4.351, 6.013, -4.672, -5.176, -0.489
1.2, 3.4, 5.705, 10.259, -27.954, -2.107, 4.504
1.2, -0.6, -1.802, 6.353, 6.779, 11.603, 5.817
1.2, 2.4, 0.542, 5.009, -11.817, 49.252, 0.519
1.2, 8.7, -0.454, 4.460, -8.504, 73.527, 15.053
1.2, 11.4, 0.637, 3.152, -6.366, 108.336, -4.290
1.2, 8.7, -1.252, 7.878, -0.595, 100.809, -7.038
1.2, -16.0, -4.229, 16.709, 1.160, -60.992, 20.443
1.2, 11.5, -12.789, 7.229, 14.137, -66.901, -0.595
1.2, 0.9, 3.794, 11.360, 59.679, -32.641, 5.618
1.2, 2.7, 9.276, 7.143, -4.000, -13.802, -0.458
1.2, 1.0, 3.913, 6.908, -27.176, -12.046, 1.679
1.2, 1.0, -3.616, 5.385, 7.725, -22.473, 3.954
1.2, -5.8, -0.620, 2.705, 8.901, -46.000, 0.015
1.2, -9.4, -0.335, 4.102, 11.481, -107.053, 9.634
1.2, 23.3, 13.253, 18.383, -27.511, -7.237, -15.985
1.2, 16.0, -0.576, 16.890, -29.695, 49.130, 41.695
1.2, -9.2, -7.847, 9.562, -41.099, 34.550, -22.626
1.2, 1.9, -4.215, 9.772, 10.473, 42.855, 17.466
1.2, 0.7, 2.492, 9.379, 29.328, 23.969, -3.725
1.2, -1.9, 2.073, 6.288, -0.840, 28.061, -4.290
1.2, -0.7, -1.591, 8.950, -3.038, 15.710, 2.412
1.2, -3.0, -2.388, 7.543, 12.397, 8.580, -3.740
1.2, -0.0, 4.452, 7.642, -8.901, 2.198, -1.252
1.2, -0.4, -3.030, 8.019, -9.038, 2.840, -2.916
1.2, -1.1, 0.612, 8.274, -4.122, -2.275, 2.718
1.2, -1.6, 0.388, 10.205, 6.565, -5.969, 1.130
1.2, 0.8, 1.395, 9.002, -11.771, -7.618, 4.519
1.2, 2.3, -1.130, 9.717, -12.687, 4.504, 3.038
1.2, 2.9, -3.116, 7.199, -3.740, 14.977, -3.588
1.2, 5.7, -5.699, 6.564, 22.336, 35.069, 3.588
1.2, 2.5, -4.896, 6.716, 53.176, 43.557, 5.786
1.2, -1.7, -3.734, 13.884, 83.298, 39.908, 51.756
1.2, -36.7, 39.225, 5.571, -124.763, -40.076, -51.160
1.2, -7.6, -9.538, 12.767, -143.053, -72.504, -16.015
1.2, 6.0, -36.494, 7.446, 5.954, -33.939, -14.885
1.2, 8.7, -6.742, 6.191, 31.817, -21.939, 2.092
1.2, 2.5, 5.495, 12.099, 43.878, -4.885, -3.023
1.2, 1.7, 7.181, 7.839, -11.237, -7.466, -8.351
1.2, 0.7, 3.885, 6.777, -31.710, -0.626, -12.260
1.2, -0.8, -5.197, 8.814, -22.366, -0.885, 6.992
1.2, -5.2, -10.311, 6.833, 12.351, -14.489, 15.527
1.2, -6.5, 0.839, 5.686, 56.489, -37.023, 14.031
1.2, 0.5, 2.989, 12.036, 66.901, -49.679, -22.931
1.2, 3.8, 22.954, 16.532, -29.557, 12.458, -110.534
1.2, 7.0, 6.308, 10.195, -90.809, 25.359, -2.046
1.2, -5.0, -6.296, 11.144, -124.351, 34.534, -0.366
1.2, 1.1, -6.883, 6.476, 68.794, 21.649, 10.824
1.2, -5.8, 14.195, 9.281, 34.702, 0.107, 22.473
1.2, -0.7, 11.545, 9.554, -5.206, -0.656, 4.962
1.2, 0.6, 5.070, 7.991, -42.260, -6.916, 1.221
1.2, 2.1, -5.605, 8.782, -25.496, 3.313, -12.244
1.2, -1.0, -3.867, 6.324, 9.893, -6.015, -3.634
1.2, -0.9, 8.492, 10.685, 1.176, -2.397, -4.840
1.2, 2.1, 3.644, 8.554, -9.374, 11.298, 1.573
1.2, 2.9, 5.041, 6.954, -29.511, 36.321, -0.809
1.2, 1.9, 3.300, 7.043, -40.794, 44.458, 3.557
1.2, 4.0, 7.830, 6.777, -89.664, 52.519, -45.649
1.2, -18.3, -17.133, 19.682, -139.252, 44.901, 111.176
1.2, -11.8, -3.195, 20.083, 184.366, -41.160, 57.496
1.2, 0.9, 22.246, 14.420, 58.977, -41.649, -10.260
1.2, 0.4, 6.455, 9.142, 22.061, -30.092, 4.779
1.2, 3.8, 4.931, 6.568, -2.412, -16.031, 3.237
1.2, 3.0, 3.492, 8.028, -25.924, -10.763, 1.084
1.2, 1.8, -3.585, 8.200, -4.351, -11.023, 14.183
1.2, 0.6, 3.413, 7.398, -7.160, -15.466, 0.840
1.2, -0.4, 2.022, 8.894, 5.023, -15.221, -3.282
1.2, -4.3, 5.313, 6.695, -2.626, -34.550, -13.863
1.2, -5.6, 7.591, 6.648, -32.687, -55.466, -25.450
1.2, -5.8, 1.805, 8.588, -50.031, -34.153, 72.321
1.2, 10.2, -38.920, 16.346, -29.985, 53.389, 138.702
1.2, 16.6, -15.911, 14.384, 99.634, 33.924, 0.687
1.2, 0.4, 2.892, 10.356, 92.779, 48.015, 3.130
1.2, -11.6, 27.361, 4.703, -33.756, 21.115, 8.931
1.2, -5.2, -0.757, 13.506, -80.840, -0.748, -14.092
1.2, 3.3, -10.897, 5.175, -2.061, 1.725, -0.397
1.2, -3.2, -7.424, 7.484, 42.611, 4.168, 7.557
1.2, 0.4, 4.809, 7.444, 19.359, -3.710, 8.947
1.2, -2.5, 4.804, 8.797, -15.603, -12.473, 4.015
1.4, 1.0, -3.065, 10.970, -27.664, -15.206, 14.015
1.4, -3.9, -4.264, 8.201, 8.947, 2.443, 22.137
1.4, -1.5, 5.279, 7.569, -15.450, -5.542, 9.176
1.4, 0.9, -2.952, 8.282, -2.641, -2.794, 3.954
1.4, 4.0, 0.632, 7.627, 7.893, 10.870, -3.267
1.4, 8.1, 2.544, 5.610, -0.779, 54.351, 7.435
1.4, 8.8, 2.237, 3.530, 6.107, 91.588, 8.321
1.4, 7.9, 1.514, 2.891, -11.282, 118.611, 21.527
1.4, -23.8, 25.097, 21.221, -77.221, 58.565, -25.435
1.4, -39.2, -13.955, 17.212, 2.595, -14.779, 37.847
1.4, 10.3, -3.931, 14.708, -21.374, -83.573, -11.893
1.4, 6.9, -4.878, 7.544, 14.198, -65.450, 7.542
1.4, -0.9, 4.967, 7.371, 36.687, -36.412, 30.565
1.4, 5.5, 5.133, 5.321, -2.107, -30.840, 4.672
1.4, 1.7, 2.921, 5.708, -28.687, -19.527, 11.359
1.4, 3.0, -3.865, 7.614, -7.359, -9.450, 11.405
1.4, -1.6, -3.961, 8.556, 15.939, -11.313, 14.809
1.4, -6.0, 0.515, 6.021, 6.733, -30.687, 7.099
1.4, -6.9, 1.616, 4.005, 18.870, -59.053, -0.702
1.4, -12.0, -9.015, 4.471, 8.351, -59.237, 17.649
1.4, 0.3, 0.611, 27.684, 76.885, -14.351, -50.672
1.4, 19.3, 12.311, 21.670, -0.107, 90.580, -93.069
1.4, -0.7, 5.652, 2.939, -41.695, 68.275, -5.282
1.4, -0.8, -0.060, 12.938, -98.092, 74.626, -30.076
1.4, -7.6, -11.405, 6.369, 47.740, 45.023, -12.427
1.4, -8.2, 6.018, 8.959, 64.397, 18.305, -36.626
1.4, -3.3, 23.439, 3.728, 10.458, -16.107, -6.763
1.4, -5.9, 3.203, 7.141, -82.107, -28.534, -3.618
1.4, 0.6, -8.025, 6.942, -55.313, -24.595, -10.473
1.4, -5.8, -6.002, 7.238, 27.130, -21.893, 8.473
1.4, -2.1, -1.557, 10.244, 9.740, -25.023, -6.626
1.4, 0.3, 2.846, 10.661, -0.046, -19.954, 2.809
1.4, 2.6, -0.646, 11.091, -12.260, -19.405, -4.595
1.4, 1.2, -2.358, 10.224, -4.626, -11.420, 0.229
1.4, 1.1, -1.535, 8.678, 5.053, -4.534, 0.580
1.4, 0.7, 3.074, 8.657, 2.015, -2.504, -6.504
1.4, 3.3, -0.883, 7.390, -8.443, 20.168, -9.176
1.4, 6.6, -0.504, 5.768, 6.885, 49.267, 3.802
1.4, 4.1, 6.395, 6.973, -12.107, 55.282, -18.916
1.4, 6.0, -2.052, 8.429, -53.817, 89.145, -20.260
1.4, 8.8, -5.895, 4.193, -14.901, 126.656, -6.092
1.4, 8.8, -2.203, 2.923, 6.580, 160.855, -6.916
1.1, 3.3, 14
