0.0, -0.3, 0.017, 9.207, -2.916, -1.695, -0.458
0.0, -0.2, -0.031, 9.212, -2.656, -1.481, -0.595
0.0, -0.3, 0.089, 9.209, -2.870, -1.817, -0.519
0.0, -0.3, -0.075, 9.281, -2.763, -1.405, -0.458
0.0, -0.5, 0.067, 9.209, -2.748, -1.786, -0.504
0.0, -0.3, 0.074, 9.188, -2.992, -1.679, -0.427
0.0, -0.1, -0.024, 8.898, -2.473, -1.588, -0.656
0.0, -0.7, 0.096, 9.141, -3.389, -2.992, -0.840
0.0, 0.0, 0.053, 9.209, -3.176, -2.611, -1.786
0.0, 1.1, 0.144, 9.311, -2.504, -0.214, 0.840
0.0, -1.4, -0.318, 9.110, -2.733, -3.359, -0.092
0.0, 0.9, -0.019, 9.311, -2.153, 0.275, -1.267
0.0, -2.1, 0.369, 9.419, -3.588, -3.969, -1.634
0.0, -0.1, -0.098, 9.137, -2.855, -3.130, -0.015
0.0, 0.5, 0.786, 9.275, -7.573, -1.206, -0.153
0.0, 1.3, -0.277, 9.404, -1.725, 0.824, 0.275
0.0, -1.1, 0.723, 9.419, -1.191, -3.496, -0.855
0.0, 0.5, -0.478, 9.196, -2.611, -3.817, -3.237
0.0, -2.4, -0.135, 9.606, 0.076, -7.786, 0.244
0.0, 2.5, 0.442, 9.193, -1.191, 4.229, 3.740
0.0, -1.7, -0.147, 9.646, -1.160, -5.328, -1.389
0.0, 0.6, -0.718, 8.904, -3.435, 4.473, -0.763
0.0, -2.4, 0.215, 9.115, -3.282, -3.481, 0.656
0.0, 0.9, -0.068, 9.347, -3.573, 3.496, 0.550
0.0, 1.0, -0.517, 9.465, 3.557, 2.641, 1.191
0.0, -3.3, 0.397, 9.002, 2.321, -4.168, 0.870
0.0, 3.2, 1.548, 9.366, -5.847, 0.229, 1.496
0.0, 0.1, -0.103, 9.643, -4.076, 0.061, -1.298
0.0, -2.2, -0.575, 9.002, -4.351, -4.336, -0.153
0.0, 0.8, 0.130, 9.304, 0.427, -3.603, -3.573
0.0, 0.2, 0.116, 9.050, 0.183, -1.908, 0.076
0.0, 0.9, 0.776, 9.457, -0.733, -0.397, -1.710
0.0, -0.8, -0.322, 9.096, -4.947, 0.962, -1.328
0.0, -0.4, 1.028, 9.177, -0.153, -2.092, -0.840
0.0, -0.1, 0.468, 9.305, -0.382, -2.076, -0.473
0.0, 0.2, -0.739, 9.257, 1.405, -2.519, 1.786
0.0, -0.8, 2.004, 9.556, -7.160, -2.244, -0.565
0.0, 1.5, 0.661, 8.924, -8.107, -1.145, -1.160
0.0, -1.3, -1.387, 9.499, -3.206, -2.290, -1.328
0.0, 0.7, -0.630, 9.489, 0.870, -2.351, -2.794
0.0, -1.8, -0.304, 8.948, 0.794, -4.244, 0.916
0.0, 0.7, 1.363, 9.285, -0.214, -2.275, -1.618
0.0, 0.1, 1.296, 9.537, -9.176, -0.015, -2.153
0.0, 0.2, -1.453, 9.379, -2.901, -0.473, -0.366
0.0, 0.3, -0.837, 8.874, -0.366, -1.023, 0.198
0.0, -1.8, 0.506, 9.677, 0.397, -3.481, 0.122
0.0, 1.8, 1.842, 9.239, -8.824, -0.565, 0.275
0.0, -0.7, -1.202, 9.303, -3.130, 0.137, 1.298
0.0, -0.5, -0.437, 9.070, -0.672, -2.595, -0.137
0.0, -0.4, 1.747, 9.440, 1.420, -1.420, -0.290
0.0, 0.9, 0.225, 9.298, -3.206, -0.580, -1.130
0.0, -0.4, -1.462, 9.017, -0.473, -2.076, 0.519
0.0, -1.3, 0.661, 9.127, 2.687, -2.962, 0.504
0.0, 1.8, 3.010, 9.556, -9.435, 3.710, 0.443
0.0, -0.2, -1.263, 9.130, 2.351, -2.580, -2.763
0.0, 0.1, -1.763, 9.231, 5.145, -1.267, -3.023
0.0, 0.9, 2.322, 9.280, -1.420, 0.733, -0.947
0.0, 0.5, -0.458, 9.215, -3.481, 3.985, 0.397
0.0, -0.7, -0.874, 8.927, 3.374, -0.076, -3.542
0.0, 0.5, 0.772, 8.757, -1.282, 3.847, -4.580
0.0, 2.1, -0.852, 8.551, -0.611, 7.313, -7.725
0.0, 1.3, -1.915, 8.944, 5.466, 10.046, -8.198
0.0, -0.5, -1.778, 9.118, 23.542, 17.252, -1.634
0.0, 2.1, -0.474, 8.414, 20.947, 20.061, -0.824
0.0, -6.0, 5.599, 6.651, 39.664, 3.359, 4.885
0.0, -0.8, 4.623, 9.035, -34.427, -10.000, 3.405
0.0, 0.8, 5.440, 9.680, -24.275, -0.290, 1.481
0.0, -0.4, -4.705, 8.775, 15.130, 4.611, 4.504
0.0, 0.4, -1.553, 10.568, 19.237, 5.420, -2.046
0.0, -2.3, 4.347, 9.021, 3.679, -0.229, -4.427
0.0, -4.0, 5.373, 8.204, -14.550, -11.099, -4.901
0.0, 1.8, -4.029, 8.619, -10.260, -3.008, -3.496
0.0, 0.9, -0.318, 9.019, 14.443, 4.366, 2.137
0.0, -1.2, 0.856, 8.878, -1.267, -1.863, -0.397
0.0, -2.1, 3.591, 10.342, -10.641, -4.962, -3.756
0.0, -5.1, 2.429, 10.332, -24.305, -18.458, -7.664
0.0, 1.1, 2.705, 8.880, -8.244, -16.489, 2.076
0.0, 0.4, 1.237, 8.448, -20.672, -10.534, 7.237
0.0, -0.8, 1.665, 8.927, -21.008, -11.252, 4.565
0.0, 0.4, -2.240, 8.361, -16.427, -5.282, 4.443
0.0, 1.8, -1.942, 8.691, -14.702, -0.305, 3.771
0.0, 0.8, -1.784, 9.360, -0.076, 0.840, 0.931
0.0, -0.4, 0.652, 9.303, -6.122, 3.237, -1.618
0.0, -0.8, -0.747, 9.291, -7.435, -1.908, -4.550
0.0, -0.3, -2.555, 9.499, 0.672, -3.038, -6.977
0.0, -0.5, 1.914, 9.054, 0.718, -4.031, -0.702
0.0, 0.2, -0.172, 9.497, -4.366, -0.977, -1.878
0.0, 1.1, -0.245, 9.652, 0.397, -0.901, -2.473
0.0, -1.2, 1.620, 9.169, -1.649, -1.664, -3.618
0.0, 0.2, 1.179, 8.808, -7.069, -1.099, -1.924
0.0, -0.5, -0.265, 9.374, 0.519, -1.221, 1.267
0.0, -0.6, 0.128, 9.027, -11.450, -1.069, 1.130
0.0, 0.8, 0.304, 9.893, -3.771, 0.809, 1.939
0.0, -2.1, 1.441, 9.157, -0.870, -2.076, -0.489
0.0, 0.7, -0.764, 9.688, -2.321, -1.802, -3.969
0.0, -0.2, 2.008, 9.266, -6.672, -0.260, -2.153
0.0, -0.4, 0.411, 9.348, -7.069, -1.435, -3.130
0.0, 0.5, -1.693, 9.181, 4.305, -1.298, -2.198
0.0, -1.4, 1.749, 9.031, -5.450, -0.992, 2.947
0.0, 0.4, -0.761, 9.176, -1.634, -0.748, -1.603
0.0, -0.9, -0.271, 9.038, -2.351, -0.916, 0.534
0.0, -0.0, 1.252, 8.945, 2.244, -2.870, -0.443
0.0, 0.5, -0.497, 8.644, -0.489, 1.924, 0.840
0.0, -1.2, 0.390, 8.583, -7.115, -4.122, 2.779
0.0, -0.7, -0.706, 8.863, 2.015, -7.359, 7.435
0.0, -0.5, -1.189, 8.751, 3.878, -12.397, 5.420
0.0, -0.2, 0.175, 8.574, 6.763, -14.626, 10.229
0.0, -0.1, -0.637, 8.577, 4.885, -17.603, 11.359
0.0, -1.5, -0.757, 10.023, 15.328, -22.702, 4.000
0.0, 3.7, 1.378, 10.621, 22.748, -15.038, 2.366
0.0, 1.8, 5.790, 9.786, -9.511, -4.931, -6.794
0.0, 1.1, -0.065, 9.612, -21.328, 4.885, -5.710
0.0, -0.3, -3.943, 9.396, 4.565, -0.031, 3.740
0.0, -0.6, 0.205, 8.601, -2.672, 0.489, -4.458
0.0, 0.2, 0.395, 9.066, -2.290, 1.313, 3.557
0.0, 1.3, 0.737, 8.709, -5.588, -0.733, -6.015
0.0, -0.7, -3.312, 9.503, 1.786, 0.824, 3.756
0.0, 0.9, 0.430, 10.297, 4.366, 7.130, -12.321
0.0, 1.0, 5.592, 9.161, -24.595, 18.122, -15.435
0.0, -0.3, -2.193, 9.756, -10.733, 12.794, -16.595
0.0, -1.9, -0.315, 8.784, -4.916, 11.786, -4.061
0.0, 0.2, 0.426, 8.935, -10.290, 10.000, -10.046
0.0, -2.7, -1.259, 8.434, -13.023, 4.519, 4.458
0.0, -0.8, -3.885, 7.581, 9.863, 0.641, 5.954
0.0, -1.6, 2.623, 8.908, -7.008, -4.351, 3.206
0.0, 0.4, -1.286, 8.347, 3.557, 0.870, 7.405
0.0, -0.1, -0.827, 9.888, -1.924, -0.198, -5.206
0.0, -0.6, -0.554, 8.977, 1.099, -0.534, 4.702
0.0, -1.3, 1.790, 9.185, -3.115, -3.679, -7.038
0.0, -0.2, 0.218, 8.571, -0.611, -2.107, 1.863
0.0, -1.2, 1.027, 9.238, -3.130, -1.924, -2.290
0.0, 1.0, -0.685, 9.154, -0.168, -3.557, 1.924
0.0, -1.8, -1.727, 9.707, -10.244, -5.847, 2.107
0.0, 0.9, 1.506, 9.221, 1.405, -5.496, -1.160
0.0, -0.3, -2.152, 9.792, -6.947, -0.153, 5.298
0.0, 0.1, 1.933, 9.489, 2.443, -1.328, 6.748
0.0, -0.9, -2.411, 8.908, -14.580, 0.214, 1.237
0.0, 0.3, -1.903, 10.123, 4.061, -2.443, -0.504
0.0, -2.4, 0.870, 8.442, -8.107, -6.611, 1.725
0.0, 1.3, -0.035, 9.214, 10.534, -4.916, -6.046
0.0, -0.9, 0.457, 9.046, -1.420, 0.580, -0.214
0.0, 0.1, 1.857, 8.501, -4.336, -5.023, -2.550
0.0, -2.0, -1.308, 8.600, -1.756, 1.008, 3.053
0.0, 2.0, 2.814, 8.357, -11.206, 2.153, 1.740
0.0, -0.5, 2.296, 8.396, -10.672, 8.153, 1.740
0.0, 2.9, 0.965, 8.523, -17.359, 16.260, 6.534
0.0, 0.6, 3.871, 8.109, -35.282, 22.992, -3.496
0.0, 2.6, 2.855, 10.793, -56.855, 13.084, -16.901
0.0, -7.2, -9.232, 9.947, -10.061, 4.397, -4.519
0.0, -0.8, -6.402, 12.040, 14.534, -1.145, 2.015
0.0, -0.7, 1.148, 9.427, -5.817, -2.809, -6.840
0.0, -0.2, 1.261, 10.724, -7.527, -2.000, 7.908
0.0, -1.3, -0.836, 8.569, -1.267, -5.130, -5.878
0.0, 1.0, -2.213, 9.553, 3.573, -2.473, 4.412
0.0, -0.2, 1.347, 7.987, -3.847, -3.756, -9.023
0.0, 0.1, -2.765, 10.751, 7.267, -11.237, -0.351
0.0, -7.1, -5.039, 11.144, 12.580, -20.382, 6.534
0.0, -2.7, 0.017, 11.603, 39.069, -26.122, 15.298
0.0, -0.0, 3.736, 6.273, 8.779, -26.840, -7.939
0.0, 4.3, -0.500, 8.565, 9.985, -14.046, -1.832
0.0, 1.4, 2.431, 7.421, 4.229, -3.099, -15.313
0.0, 2.1, 1.672, 8.758, 3.053, 3.023, -2.824
0.0, -2.0, -0.138, 9.074, -0.595, 6.748, -6.183
0.0, -2.0, 2.079, 9.815, -1.954, -3.328, -4.473
0.0, -2.2, 0.420, 8.959, -8.260, -4.595, -1.069
0.0, 1.0, 0.417, 9.614, -1.267, -7.771, -3.099
0.5, 0.2, 1.239, 8.875, -3.603, 0.229, 0.947
0.5, 0.1, -1.460, 8.680, 0.626, -2.473, -0.336
0.5, -0.4, 1.796, 8.630, -6.809, -1.206, -1.588
0.5, 0.4, 0.789, 9.867, 4.260, -1.160, 0.015
0.5, -1.4, 1.744, 8.988, -10.321, -2.458, -1.344
0.5, 0.5, -0.594, 9.206, 3.786, -3.847, 2.443
0.5, -1.3, -1.092, 9.294, -6.244, -0.809, 3.603
0.5, 1.5, 1.245, 9.015, 1.389, -0.412, 2.656
0.5, -2.8, -0.310, 8.891, -4.992, -0.092, -0.473
0.5, -0.5, 2.551, 9.294, -1.069, -5.496, 2.290
0.5, -0.0, -3.658, 9.372, -4.229, -2.427, -2.565
0.5, -0.2, 3.111, 9.177, 2.885, -2.458, 3.053
0.5, -0.9, -1.636, 9.469, -1.282, -3.695, -3.695
0.5, -1.0, 4.257, 8.829, -11.527, -7.282, -1.267
0.5, -1.2, -3.539, 9.379, 5.115, -9.939, -5.893
0.5, -3.3, 1.920, 8.902, -13.511, -19.588, -14.321
0.5, -3.2, 0.894, 8.447, -26.870, -30.412, -3.786
0.5, 6.2, -6.152, 12.087, -21.481, -16.931, -5.420
0.5, 0.6, -3.680, 9.886, 9.099, -10.412, 4.718
0.5, 0.0, 0.138, 10.084, 0.519, -6.427, 3.221
0.5, 1.6, -1.177, 10.259, 6.550, -3.893, 2.137
0.5, 1.1, 0.212, 8.879, 0.916, 1.893, -2.794
0.5, 0.4, 0.871, 9.305, 6.977, 1.298, -2.504
0.5, -3.1, 0.029, 8.967, -11.603, -3.023, 7.618
0.5, 3.6, -2.110, 10.843, 13.267, 11.939, 19.557
0.5, 0.2, -0.700, 11.333, 2.947, 23.023, 14.748
0.5, -0.2, 1.265, 9.231, 15.008, 19.420, 2.229
0.5, -0.1, 3.351, 8.199, -3.939, 15.817, -5.527
0.5, -2.1, 2.719, 8.309, -17.603, 9.038, -8.931
0.5, -1.2, -4.657, 7.931, 1.435, 2.550, -2.656
0.5, -2.8, 0.426, 9.215, 6.092, -1.649, 0.962
0.5, -1.1, 2.914, 8.661, -4.489, -6.702, -11.542
0.5, 0.2, -1.426, 9.287, -0.901, -2.794, -3.008
0.5, 0.1, 2.018, 9.358, -7.191, -2.718, -4.443
0.5, -0.3, -1.964, 8.814, -2.718, -2.382, -2.733
0.5, -0.4, -0.879, 9.097, 1.496, -5.527, -2.015
0.5, 0.7, 0.476, 9.295, -8.107, -4.061, -1.420
0.5, 0.3, -0.605, 9.735, -2.031, -3.802, 0.733
0.5, -0.8, 1.233, 8.965, -11.176, -4.870, 3.588
0.5, -0.4, -2.077, 10.092, -4.122, -4.168, 7.542
0.5, -0.4, 0.912, 9.318, -4.122, -4.641, -0.305
0.5, 1.4, -2.436, 8.825, 6.473, -0.840, 2.168
0.5, 0.2, 3.042, 7.640, -11.725, -2.351, -8.687
0.5, 0.6, -4.107, 9.584, 3.573, -1.710, -2.000
0.5, -2.9, 0.205, 9.846, 2.076, -6.809, -1.893
0.5, -0.0, 4.058, 9.552, -3.099, -4.183, -2.351
0.5, 0.2, -1.771, 8.389, -8.794, -2.840, -7.115
0.5, 1.7, -3.063, 8.502, 4.183, 3.511, 5.328
0.5, -1.3, 1.738, 10.179, -6.366, -1.893, -4.351
0.5, -1.0, 2.610, 9.044, -7.328, -1.542, 0.000
0.5, -1.2, -3.281, 9.085, -1.191, -2.702, -2.198
0.5, 1.5, 4.395, 8.388, -0.534, 0.885, 0.122
0.5, 0.2, 3.640, 10.327, -8.122, 1.603, -0.977
0.5, 2.1, -3.615, 8.307, -1.130, 2.153, -3.160
0.5, -1.0, -1.763, 9.209, 0.855, 1.237, 1.771
0.5, -0.8, 2.577, 8.762, -10.275, -2.229, -7.084
0.5, -0.6, -2.368, 9.325, 2.015, 0.763, 5.969
0.5, 1.7, -1.241, 7.416, 4.595, 15.282, -5.527
0.5, 4.8, 3.249, 7.339, 0.366, 34.718, -3.832
0.5, 5.0, 0.287, 5.793, 0.229, 56.809, -3.695
0.5, 4.8, 2.575, 8.887, -14.626, 58.275, 7.481
0.5, -6.8, 4.851, 14.639, -36.779, 27.069, -2.824
0.5, -9.9, -7.719, 12.752, -3.817, -0.733, 11.618
0.5, -4.8, 3.944, 11.043, -18.733, -11.145, 9.099
0.5, -0.8, -1.390, 9.366, -10.351, -6.977, -3.786
0.5, 2.0, -2.555, 7.788, -4.550, -1.237, -1.924
0.5, 2.4, -3.321, 8.776, 14.763, 9.053, 3.908
0.5, -0.2, 2.120, 10.311, 4.595, 4.137, -11.710
0.5, -2.1, -1.049, 12.412, 1.099, -6.824, -2.214
0.5, -11.1, -2.878, 12.935, 3.466, -32.015, -8.183
0.5, -13.0, 5.235, 11.360, -8.901, -62.168, -7.725
0.5, -2.9, -5.577, 7.195, 24.534, -54.855, 4.626
0.5, 4.7, -0.169, 6.494, 14.901, -36.840, -2.412
0.5, 6.7, 3.976, 5.929, -3.863, -10.840, 4.000
0.5, 5.8, 2.102, 6.309, -3.985, 0.626, 6.275
0.5, 1.0, -2.468, 8.970, 7.191, 4.595, 7.496
0.5, -0.0, 2.866, 7.928, -11.267, 5.053, -1.359
0.5, -0.6, -2.176, 10.196, -0.473, 7.924, 1.618
0.5, -1.3, 1.377, 9.708, -2.947, 1.191, -6.702
0.5, -1.4, 0.661, 9.641, -6.702, -1.420, 3.740
0.5, -1.0, -0.032, 8.291, -0.351, -4.321, -5.695
0.5, -0.3, 0.843, 8.961, -4.702, -1.267, 2.885
0.5, -0.7, 0.812, 8.970, -5.924, -4.122, -1.069
0.5, -0.1, -1.026, 9.562, -5.542, -1.023, 3.573
0.5, -1.9, 0.189, 9.481, -2.275, -4.504, -3.038
0.5, 1.2, -0.220, 9.493, -0.382, -2.458, 3.664
0.5, -1.3, 1.062, 8.553, -9.817, -0.504, -1.557
0.5, 2.0, 0.092, 9.248, 3.099, -1.145, 3.802
0.5, -2.5, -0.394, 9.284, -11.389, -3.038, 2.427
0.5, -0.4, 0.866, 9.946, -0.321, -6.397, -0.779
0.5, -0.7, -3.130, 8.970, -0.061, -7.786, 1.725
0.5, -0.2, 2.860, 7.740, -0.779, -18.718, -3.542
0.5, -3.8, -3.219, 6.949, 6.733, -34.366, 4.046
0.5, -4.6, 3.770, 5.825, -1.634, -54.366, -3.618
0.5, -1.5, 2.756, 7.824, 4.198, -49.893, -3.405
0.5, 2.3, 2.518, 11.134, -24.000, -38.779, -4.397
0.5, 7.3, -4.638, 12.194, -3.664, -22.046, -3.969
0.5, 3.1, 3.383, 10.233, 11.053, -4.000, 0.427
0.5, 1.5, 2.172, 11.199, -8.702, -1.527, 0.458
0.5, 0.5, -1.373, 9.334, -6.718, 3.420, 4.046
0.5, -1.4, -1.100, 9.799, -1.847, -0.397, 3.115
0.5, 1.2, -1.560, 9.420, 4.870, 3.832, 7.557
0.5, 0.7, 0.238, 9.537, 7.023, 20.015, 15.405
0.5, 3.6, 2.813, 13.982, 6.855, 48.015, 3.847
0.5, 1.6, 1.334, 12.462, -12.290, 52.824, -0.931
0.5, -3.1, 1.736, 9.457, -9.069, 42.122, -2.901
0.5, -1.5, -1.962, 6.984, -0.656, 38.977, 0.397
0.5, -3.5, 1.593, 6.553, -0.046, 24.595, -1.985
0.5, -2.5, 0.387, 7.209, -5.344, 10.885, -6.672
0.5, -3.2, 0.135, 7.393, -2.519, -0.962, 3.313
0.5, -1.8, -1.537, 8.491, -0.168, -8.458, -7.191
0.5, 0.9, 1.591, 9.179, -6.931, -2.321, 4.336
0.5, -0.9, -0.984, 9.005, -1.374, -6.168, -5.084
0.5, 0.0, -1.129, 9.410, -4.000, -3.557, 0.885
0.5, -0.3, -0.529, 8.782, 0.519, -0.534, -1.786
0.5, 0.6, 0.767, 9.084, -2.275, -1.496, 0.107
0.5, -2.1, 0.710, 9.440, -7.176, -0.794, 2.672
0.5, -0.7, -1.446, 9.635, 1.221, -1.725, -1.618
0.5, -1.8, -0.198, 9.055, -5.145, -1.344, -3.221
0.5, -1.5, -0.972, 9.210, 1.084, -0.840, -0.748
0.5, -1.7, -0.649, 8.765, -0.565, -0.427, 1.191
0.5, 0.7, 0.619, 8.641, -0.962, -2.519, -4.366
0.5, 0.6, 0.202, 9.544, -6.443, -3.466, -1.985
0.5, -0.9, -1.431, 9.240, 1.817, -0.321, -0.351
0.5, 1.4, 1.918, 9.360, -1.252, 0.702, 3.710
0.5, 0.5, -2.294, 9.177, -0.748, 1.298, 3.328
0.5, 0.9, -1.245, 8.224, 4.458, 19.450, -7.160
0.5, 3.3, -7.804, 7.537, 41.695, 39.115, -0.641
0.5, -0.9, -3.693, 14.441, 75.649, 44.992, 14.794
0.5, -10.0, 29.273, 10.737, -50.168, -8.137, 4.366
0.5, -4.5, -3.707, 10.884, -51.282, -15.832, 7.511
0.5, 0.3, -3.922, 9.246, -1.053, -13.740, 18.931
0.5, -7.9, 9.343, 14.291, 17.588, -21.008, -7.771
0.5, -6.9, 8.477, 9.227, -82.473, -40.458, -15.099
0.5, 0.1, -6.731, 7.834, -61.359, -39.145, 1.145
0.5, 4.9, -10.159, 6.559, -20.305, -14.885, 12.763
0.5, 4.7, -5.874, 8.179, 25.603, -1.313, 2.947
0.5, 4.2, -2.150, 10.412, 35.557, 6.336, 9.802
0.5, -3.0, 3.351, 9.773, -7.252, -2.229, -5.298
0.5, -0.7, -3.150, 8.394, -7.664, -1.969, -8.076
0.5, -0.9, -0.002, 9.783, 2.458, -3.985, 3.924
0.5, -0.9, -0.083, 9.398, 0.336, -0.489, -2.901
0.5, 1.2, 2.679, 8.247, -13.282, 3.634, 2.794
0.5, -0.7, -1.532, 9.577, 3.359, 0.198, -4.702
0.5, -0.4, -0.822, 10.696, -2.824, -3.023, 2.397
0.5, -0.1, -1.663, 9.689, 4.733, -2.061, 6.458
0.5, -2.0, 3.238, 8.295, -11.725, -3.817, -3.649
0.5, 0.1, -3.397, 8.994, -4.229, -3.481, 3.466
0.5, -0.6, 2.368, 8.575, -3.038, -2.718, 1.084
0.5, -0.4, -4.318, 9.552, -3.023, -7.618, 3.679
0.5, -0.7, 2.286, 8.511, 1.832, -9.527, -1.634
0.5, -1.4, -4.996, 8.238, 6.931, -15.420, 10.748
0.5, -2.1, -0.988, 7.599, 13.725, -22.901, 10.366
0.5, -4.1, -1.599, 8.611, 19.878, -16.153, -4.366
0.5, 0.2, -1.284, 10.746, -0.137, -2.092, 2.504
0.5, -0.5, -0.537, 9.024, -5.908, -1.954, -8.427
0.5, 2.0, 7.658, 10.811, -13.344, 23.496, -28.641
0.5, 3.7, 2.514, 11.132, -45.313, 30.198, -25.893
0.5, -1.1, -2.120, 8.255, -36.397, 29.542, -5.176
0.5, -2.2, -5.798, 7.671, 6.183, 8.641, 13.725
0.5, -3.3, 0.776, 8.568, 9.679, -1.176, 6.931
0.5, -0.4, 0.356, 7.749, -0.076, -0.046, -0.168
0.5, 0.4, 2.000, 9.716, 2.794, -1.084, -6.595
0.5, -1.3, -0.941, 9.361, -1.023, -2.107, 1.908
0.5, -1.4, 0.945, 9.225, 2.076, -1.679, -2.000
0.5, 0.3, 0.781, 8.654, -5.649, -0.489, -7.740
0.5, 0.4, -0.248, 9.372, -2.412, -1.817, 5.939
0.5, 0.8, 1.563, 9.240, -3.649, -4.321, -8.779
0.5, 2.1, 0.384, 8.778, 2.641, -2.397, -10.992
0.5, -0.1, 0.142, 9.570, -12.916, -2.305, -0.290
0.5, -1.6, -3.358, 9.833, 7.679, -1.084, 11.634
0.5, -0.3, 3.486, 9.481, -6.137, 0.595, -11.649
0.5, 1.1, 0.104, 8.766, -10.855, 3.328, 7.710
0.5, -3.6, -2.770, 10.095, -1.160, -2.076, 10.901
0.5, -0.8, 1.714, 8.830, -4.107, -2.550, -10.168
0.7, 0.8, -1.476, 8.859, -2.397, -3.313, 6.519
0.7, 0.1, -1.757, 8.276, -8.565, 0.198, -3.588
0.7, -0.5, 0.958, 8.723, -10.198, 0.275, -6.809
0.7, 1.2, 1.148, 8.197, -10.840, 5.985, 8.718
0.7, 3.7, 2.616, 8.613, -13.542, 17.588, 11.710
0.7, 3.0, 10.691, 6.742, -45.206, 29.878, -2.992
0.7, 2.4, 2.631, 7.465, -69.878, 42.122, -29.115
0.7, -6.1, -10.331, 14.970, -83.817, 15.756, -13.221
0.7, -1.0, -8.959, 11.207, 43.420, -10.412, -11.008
0.7, -0.6, 5.428, 8.222, -6.809, -3.466, -1.099
0.7, 1.5, 0.378, 8.505, -22.733, -8.992, -5.298
0.7, -7.2, -10.068, 12.113, 1.924, -25.038, 19.649
0.7, -7.3, -6.523, 11.223, 61.511, -33.282, 19.084
0.7, -1.4, 1.116, 8.292, 53.634, -29.405, 0.580
0.7, 3.2, 5.511, 7.292, 19.863, -12.244, -16.336
0.7, 4.6, 5.459, 6.822, -0.489, 2.046, -16.641
0.7, -1.1, 4.007, 8.352, -6.947, -3.344, -18.321
0.7, -3.6, 0.441, 10.245, -0.076, -10.489, -11.817
0.7, 0.6, -1.338, 8.521, 7.359, -2.427, -3.817
0.7, -0.4, 3.460, 8.857, -1.481, 1.466, 0.672
0.7, 0.4, 2.412, 9.675, -4.107, -3.252, 2.504
0.7, -2.4, -0.124, 10.189, -3.710, -5.817, 10.656
0.7, -2.1, 0.599, 8.662, -0.198, -6.382, 4.443
0.7, 1.6, 2.072, 8.037, -10.031, -3.313, 0.550
0.7, -0.2, -2.016, 8.801, 1.878, -0.122, 4.290
0.7, -1.3, -0.273, 9.649, 1.496, -6.458, -4.947
0.7, 0.0, 1.581, 9.109, -12.244, -6.748, -2.275
0.7, -1.8, -2.576, 8.988, 2.458, -4.397, -3.939
0.7, 1.4, -0.721, 8.497, -3.252, -6.840, -2.290
0.7, -1.8, 0.699, 8.967, -1.710, -9.435, -1.695
0.7, -2.6, 3.434, 8.789, -15.954, -16.718, -14.137
0.7, -0.5, 2.071, 7.495, -18.672, -27.511, -19.191
0.7, -3.1, 0.314, 9.031, -18.870, -38.779, 2.198
0.7, -0.7, 0.186, 11.989, -42.687, -25.603, 2.015
0.7, 0.6, -4.502, 9.941, 19.496, -12.534, -6.214
0.7, -0.2, -1.085, 10.209, -4.687, -8.824, 11.740
0.7, 3.4, -1.261, 10.270, 3.832, 1.298, -0.473
0.7, -2.0, 0.697, 8.043, 1.786, -1.328, -5.313
0.7, 4.0, -9.481, 12.761, -11.267, 44.672, 39.756
0.7, 0.1, 1.342, 9.618, 19.786, 33.115, 4.000
0.7, -1.1, 5.695, 7.479, -14.366, 24.809, -10.550
0.7, -2.1, 2.131, 7.389, -0.580, 20.397, -6.336
0.7, -1.9, -2.033, 7.714, 0.031, 12.977, -6.519
0.7, -1.3, 3.921, 9.828, 8.473, 4.473, -3.374
0.7, -0.7, 4.271, 9.327, -13.649, 2.168, -3.496
0.7, -1.7, -4.544, 8.367, 2.580, -3.115, 2.931
0.7, -0.9, 3.154, 8.760, -19.176, -7.160, 11.603
0.7, 2.3, 0.419, 10.728, 6.336, -3.053, -0.015
0.7, -1.1, -2.172, 9.203, -6.214, 3.267, -0.458
0.7, -1.4, 4.262, 9.052, -4.901, 0.351, -5.542
0.7, -0.5, -1.375, 9.118, 0.427, -2.427, -3.374
0.7, -1.4, -3.559, 9.618, -4.031, -7.084, -2.565
0.7, 0.0, 2.823, 9.359, -5.344, -2.458, -2.092
0.7, 1.0, -2.194, 8.177, 13.496, 0.336, -1.374
0.7, -1.8, 0.157, 9.847, -11.344, -2.229, -0.260
0.7, -0.2, 1.672, 10.248, 3.740, -1.481, 2.031
0.7, -0.8, -4.453, 8.109, 1.893, -1.298, 1.939
0.7, -0.9, 3.505, 8.581, -11.496, -3.069, 2.534
0.7, 1.3, -0.940, 9.805, 7.023, 2.122, 0.504
0.7, -2.5, -2.474, 8.899, -4.550, -1.008, 0.626
0.7, 0.5, 3.335, 9.365, -9.496, -4.076, -0.809
0.7, 1.3, -2.310, 8.484, 5.389, 7.359, -3.863
0.7, 1.9, 1.482, 7.717, -4.061, 8.916, -0.153
0.7, 5.5, 0.895, 6.964, -0.748, 27.679, -3.160
0.7, 7.6, 0.124, 5.489, -2.763, 57.908, -8.137
0.7, 7.9, 0.128, 4.050, -8.504, 83.771, 1.985
0.7, 9.0, -0.159, 3.381, 3.191, 117.282, -1.267
0.7, -7.1, 8.097, 14.012, -14.061, 94.901, -6.198
0.7, -21.2, 3.803, 14.940, -36.107, 33.466, -14.443
0.7, -9.0, -5.581, 14.575, -9.863, -4.718, -6.595
0.7, -6.7, -2.306, 11.838, 0.443, -18.794, 0.427
0.7, -2.3, 1.816, 10.937, 3.527, -27.511, 4.321
0.7, -8.1, 7.731, 11.486, -19.359, -42.000, -11.344
0.7, -17.5, -12.289, 10.630, -3.069, -58.748, 5.603
0.7, -10.5, 7.768, 10.339, -1.710, -94.015, 11.374
0.7, 0.9, -1.732, 9.345, 7.450, -99.282, 12.809
0.7, 5.7, -1.041, 5.455, -4.412, -78.214, 17.389
0.7, 8.8, -2.626, 5.710, 8.504, -46.672, 3.115
0.7, 6.8, -0.639, 6.780, 23.679, -18.901, 4.458
0.7, 5.1, 3.183, 5.800, 0.122, -4.656, -0.473
0.7, 1.8, -2.849, 7.796, -1.710, 12.641, -2.733
0.7, -0.0, 4.585, 8.015, -11.053, 6.992, -4.885
0.7, -2.8, -3.087, 9.492, 3.191, 5.542, -2.885
0.7, -1.6, 1.701, 9.646, -7.252, -1.069, 1.985
0.7, -0.9, 1.988, 10.460, -0.214, -1.649, -6.412
0.7, -0.5, -3.405, 9.421, -7.115, -1.985, 0.748
0.7, -1.4, 4.912, 8.696, -5.252, -0.672, 2.977
0.7, 1.0, -3.138, 9.412, -1.542, -1.099, 3.725
0.7, -0.2, 3.345, 8.286, -11.023, -0.794, 0.275
0.7, 0.9, -2.872, 8.972, 4.885, 0.229, 2.061
0.7, -1.2, 1.384, 8.650, -16.107, -0.916, -2.702
0.7, 0.3, -1.034, 9.637, 6.443, -0.855, 1.252
0.7, -1.3, -3.364, 8.592, -7.450, -4.641, 5.573
0.7, -1.4, 4.046, 9.590, 4.855, -8.824, -1.573
0.7, -2.2, -2.933, 6.875, 3.817, -17.908, 8.260
0.7, -4.3, -0.120, 6.788, 4.229, -36.794, -0.305
0.7, -5.6, 3.619, 5.933, 2.061, -55.344, 3.557
0.7, -6.1, -3.388, 4.809, 8.641, -88.153, 6.672
0.7, -4.8, 2.298, 6.142, 6.076, -101.511, 4.763
0.7, 9.6, 0.996, 13.351, 3.115, -71.099, 4.473
0.7, 7.0, 1.750, 12.667, -1.313, -55.145, -0.824
0.7, 3.3, -0.880, 12.927, 5.664, -25.496, 7.557
0.7, 5.7, 2.541, 13.398, 13.618, -11.008, 0.458
0.7, 4.0, 7.561, 11.486, -15.481, 6.992, -25.618
0.7, 3.5, 2.024, 14.012, -34.748, 38.901, -20.779
0.7, 3.3, -3.068, 13.495, 3.710, 82.656, 7.634
0.7, 4.7, 0.612, 12.231, -14.046, 81.893, 6.809
0.7, -2.4, -1.535, 8.295, -13.893, 78.931, 11.588
0.7, -1.7, -1.308, 7.299, -13.740, 73.664, 7.954
0.7, -1.5, -1.352, 6.327, -11.191, 66.412, 5.771
0.7, -4.1, 0.445, 6.772, -10.733, 49.527, 7.389
0.7, -4.9, -0.533, 6.552, -4.855, 29.863, -3.237
0.7, -3.7, -1.589, 7.199, -0.046, 13.985, -3.053
0.7, -4.9, 1.178, 7.544, -2.687, 0.305, -1.282
0.7, -2.1, -2.224, 7.632, 7.786, -7.374, -3.450
0.7, -1.7, 4.138, 8.774, -8.672, -8.687, -7.069
0.7, -0.4, -1.431, 9.045, -2.092, -9.954, -2.336
0.7, -1.7, 2.664, 9.754, -8.718, -10.824, -2.458
0.7, 0.9, -2.585, 8.833, -0.061, -8.550, 0.137
0.7, -1.1, 2.398, 9.730, -1.649, -8.076, -1.191
0.7, 0.6, -0.050, 8.914, -6.687, -7.328, 0.198
0.7, -1.1, -0.051, 10.277, -1.634, -5.267, -2.000
0.7, 0.7, -0.654, 9.524, -2.168, -5.374, -2.061
0.7, -1.2, -0.110, 9.527, 2.046, -1.847, -1.618
0.7, 1.5, 1.902, 8.690, -7.679, -3.740, -0.229
0.7, -1.0, -1.110, 9.618, 0.565, -2.427, -3.389
0.7, 1.1, -0.272, 8.325, -4.336, -1.893, -0.366
0.7, -0.9, 0.571, 9.219, -6.244, -0.183, -3.893
0.7, 0.2, 0.020, 8.973, -3.344, -6.870, 1.221
0.7, -2.5, -0.516, 9.948, 1.649, -4.672, -1.282
0.7, 0.4, 3.291, 8.674, -10.550, -5.527, -3.603
0.7, -0.6, -2.307, 9.313, 3.115, -4.336, 1.618
0.7, -0.1, 2.324, 9.092, -11.176, -3.939, 3.679
0.7, 0.2, -1.935, 9.600, -2.626, -3.573, 1.954
0.7, -0.7, 1.796, 8.569, -6.824, -1.954, 0.641
0.7, 1.7, -2.883, 9.205, -0.870, -1.985, 1.328
0.7, -1.9, 2.649, 8.884, -7.023, 0.000, -1.160
0.7, 1.0, -0.830, 9.750, -4.321, -1.389, 0.443
0.7, -1.8, -2.303, 10.137, 6.824, -1.023, -1.939
0.7, 0.3, 2.987, 8.720, -10.870, -2.031, -0.489
0.7, -1.8, -3.100, 9.555, 7.924, -1.313, -3.160
0.7, -0.2, 3.189, 8.932, -7.664, -1.115, -6.595
0.7, -0.5, -2.668, 9.752, 0.824, -2.031, 1.588
0.7, -2.3, 2.816, 8.447, -5.634, -2.153, -2.702
0.7, 2.2, -3.191, 9.403, 11.145, 3.023, 3.053
0.7, -0.1, 1.043, 7.986, 1.130, 6.718, -4.000
0.7, 1.9, -1.313, 8.606, 5.389, 11.053, -3.176
0.7, 0.7, -2.309, 9.134, 9.160, 19.466, -10.763
0.7, 3.2, -10.992, 7.336, 62.595, 43.389, -3.496
0.7, 4.9, -0.090, 7.359, 66.153, 54.397, -1.786
0.7, -3.0, 9.631, 12.922, 78.580, 39.924, 7.664
0.7, -9.7, 14.927, 9.360, -36.947, -3.893, 4.977
0.7, -4.5, 3.905, 11.967, -59.893, -18.321, -1.634
0.7, -1.2, -5.526, 8.947, -19.634, -19.527, 11.603
0.7, 0.1, -0.218, 12.386, -0.351, -22.183, 13.206
0.7, -11.9, 8.309, 11.202, -23.405, -27.053, -21.985
0.7, -3.1, 7.520, 10.193, -71.466, -55.802, -21.328
0.7, 2.1, 0.536, 10.745, -95.557, -52.855, -7.466
0.7, 4.0, -8.794, 7.652, -53.802, -37.832, 14.916
0.7, 3.9, -6.495, 7.326, 4.168, -24.397, 10.321
0.7, 3.4, -3.698, 7.315, 17.725, -8.153, 15.344
0.7, 1.3, 3.534, 7.406, -2.092, -5.374, 6.794
0.7, 2.4, -3.505, 9.361, -3.038, 2.901, -1.939
0.7, 0.0, 1.087, 9.122, -9.344, -0.107, -9.771
0.7, 0.1, -2.258, 9.391, 9.863, 3.420, -4.015
0.7, -1.4, -1.373, 9.390, -1.023, -1.802, -5.847
0.7, 0.6, -1.079, 9.109, -1.557, 3.649, -5.023
0.7, -1.3, 2.179, 9.643, -1.695, 1.252, -3.008
0.7, -0.2, -1.373, 10.251, -6.305, -3.893, -4.489
0.7, -0.1, -0.372, 9.098, 1.603, -1.069, -3.374
0.7, 0.6, 0.180, 9.388, -6.748, -1.481, -2.092
0.7, -0.8, -0.728, 9.137, -9.282, -0.046, -2.931
0.7, -0.6, 2.497, 10.106, 0.443, -2.275, -0.473
0.7, -1.5, -1.423, 9.743, 4.565, -4.473, 1.710
0.7, -0.2, -2.160, 9.321, -9.863, -4.137, 4.641
0.7, -0.0, 1.013, 9.882, 8.763, -3.389, 3.328
0.7, -0.6, -1.718, 9.203, -11.282, -3.634, 6.107
0.7, -1.6, 1.168, 9.046, 3.359, -5.557, 5.206
0.7, 0.2, -3.640, 7.845, 1.466, -9.908, 9.221
0.7, -2.3, -4.159, 8.137, 11.359, -19.038, 12.901
0.7, -2.7, -2.301, 7.453, 21.634, -24.275, 16.824
0.7, -1.9, -3.850, 7.529, 35.160, -37.313, 16.931
0.7, -1.6, -3.297, 10.538, 68.794, -38.733, -17.756
0.7, 5.0, 3.523, 11.037, 25.069, -16.840, -15.069
0.7, 2.2, 10.562, 11.199, -12.916, -14.031, -11.664
0.7, 1.0, 4.159, 11.540, -26.962, -3.374, -8.473
0.7, 1.6, 0.165, 10.746, -18.458, 2.718, 3.695
0.7, -0.4, -2.619, 11.888, 10.901, 8.153, -20.443
0.5, 3.8, 8.778, 10.156, -31.527, 44.565, -48.656
0.5, -0.5, 5.924, 9.689, -57.542, 37.435, -29.573
0.5, -2.9, -2.552, 9.512, -54.504, 33.130, -1.496
0.5, -1.7, -6.087, 8.805, -10.427, 32.885, -2.473
0.5, -2.3, -3.772, 7.088, -0.458, 25.038, 8.687
0.5, -2.0, -2.034, 8.012, -2.092, 13.466, 12.565
0.5, -2.8, 0.205, 8.517, -10.687, -0.153, 16.641
0.5, -4.8, -2.448, 9.704, -3.695, -8.107, 14.626
0.5, 0.9, -1.670, 8.665, 4.595, -6.565, 11.084
0.5, 0.6, 2.680, 8.340, -4.275, -3.847, 3.282
0.5, 1.3, 1.958, 9.133, -2.885, -1.511, -14.244
0.5, -0.1, 1.611, 9.710, -9.496, -1.786, -2.931
0.5, -1.7, -0.296, 9.480, -2.107, -5.160, -9.008
0.5, 1.0, 0.260, 9.048, -7.573, -3.527, 0.931
0.5, -3.1, 0.334, 9.984, -5.908, -2.824, -0.244
0.5, 0.6, -1.426, 8.294, -1.069, -3.206, 1.038
0.5, -0.1, 0.839, 9.365, -7.405, -1.725, 3.130
0.5, -0.5, -1.074, 8.799, -2.061, -2.672, -2.321
0.5, 0.7, 0.863, 9.856, -7.725, 0.382, 1.145
0.5, -1.8, -0.190, 9.541, -2.626, -2.687, -5.527
0.5, 0.8, 0.622, 8.809, -6.076, -1.282, 1.023
0.5, -1.4, -1.250, 9.643, -2.427, -0.626, -0.947
0.5, 2.0, 0.450, 8.715, -6.290, -1.099, -0.550
0.5, -1.5, -0.611, 10.105, -3.298, -1.252, 3.206
0.5, -0.2, 0.636, 9.246, 0.779, -0.336, -3.237
0.5, 0.7, -0.253, 8.592, -2.198, 0.748, -0.427
0.5, -2.1, -0.129, 10.023, -3.710, 1.252, 1.786
0.5, -0.9, 1.195, 8.993, -10.641, -5.023, 0.076
0.5, 0.1, 0.881, 8.787, -3.450, 3.405, 2.641
0.5, 0.5, 3.371, 8.301, -11.008, 0.656, 1.176
0.5, 1.6, 0.956, 8.820, -21.115, 10.931, 4.214
0.5, 2.1, 1.089, 7.561, -17.542, 17.542, 8.794
0.5, 3.3, 6.141, 6.995, -62.947, 46.626, 1.802
0.5, 2.3, 4.779, 7.606, -93.160, 42.489, -34.855
0.5, -10.1, -14.357, 13.752, -29.389, 13.298, -18.565
0.5, -5.8, -14.212, 11.146, 54.687, 10.427, -6.137
0.5, -3.2, 3.804, 11.474, 17.328, -1.420, -6.458
0.5, -4.9, 3.357, 10.914, -9.313, -7.679, -12.809
0.5, -4.4, -4.608, 14.206, -12.000, -25.145, 0.244
0.5, -8.7, -12.243, 11.047, 50.580, -31.069, 38.275
0.5, -4.7, -8.637, 9.409, 88.061, -44.901, 31.176
0.5, -1.9, -3.054, 8.539, 86.550, -42.702, 2.153
0.5, 5.6, 11.847, 5.035, 34.351, -30.748, -20.366
0.5, 2.5, 3.323, 6.628, -5.679, -8.687, -16.519
0.5, 0.6, 3.962, 9.718, -21.802, -3.847, -2.763
0.5, -2.4, -3.588, 8.721, -2.855, 0.779, 15.969
0.5, -0.5, 3.138, 9.445, -9.466, -6.779, 3.847
0.5, 0.7, -0.716, 9.298, -8.641, -1.893, 17.985
0.5, -1.4, -0.332, 9.210, -5.221, -2.290, 11.344
0.5, -0.4, -0.627, 9.201, -11.924, -5.405, 2.244
0.5, 0.3, -2.230, 9.468, -4.626, 1.038, 11.557
0.5, -1.4, 0.407, 9.923, 3.863, -5.527, -5.939
0.5, 0.7, 0.054, 9.109, -8.840, -1.252, -0.504
0.5, -0.7, 2.157, 8.910, -3.756, -1.145, -3.176
0.5, 0.3, -1.504, 9.855, 2.443, -0.229, 7.969
0.5, -2.1, 2.023, 8.793, -7.847, -3.160, -1.802
0.5, -0.1, 2.241, 8.890, 3.267, -7.740, -0.137
0.5, -2.0, -0.927, 9.414, -6.382, -12.885, -6.824
0.5, -0.6, 0.230, 8.862, -10.137, -21.679, -13.282
0.5, -3.3, 2.552, 7.626, -20.168, -33.313, -13.374
0.5, -3.2, 3.321, 7.124, -29.191, -45.710, -19.969
0.5, -3.1, 2.805, 7.095, -44.031, -53.557, 6.214
0.5, 0.7, 0.016, 8.447, -64.061, -40.275, 7.115
0.5, 7.0, -12.627, 8.322, 11.420, -24.092, -9.588
0.5, 0.8, -2.393, 9.440, -2.947, -14.641, 14.992
0.5, 2.6, -0.989, 11.510, -2.351, -13.450, -1.008
0.5, 3.8, -4.586, 12.207, 9.298, 25.130, 49.435
0.5, -1.1, -8.152, 10.995, 36.473, 46.443, 63.206
0.5, 3.3, -4.003, 12.226, 40.611, 35.130, 11.450
0.5, -1.5, 4.986, 10.143, 15.130, 42.473, 1.771
0.5, -1.0, 4.466, 7.839, -4.870, 35.206, -8.229
0.5, -3.7, -3.461, 8.575, 13.817, 24.504, -9.221
0.5, -2.8, 3.838, 7.099, -3.725, 19.282, -14.733
0.5, -1.8, -1.580, 7.751, 7.282, 7.359, -8.183
0.5, -2.2, 4.013, 7.071, -10.702, 1.252, -10.427
0.5, -1.9, -3.191, 8.698, 1.634, -5.359, 0.794
0.5, -2.0, 2.992, 8.881, 0.427, -5.557, 5.344
0.5, 0.1, 2.695, 8.863, -11.542, -2.870, 0.855
0.5, 0.8, -3.298, 10.126, 8.153, 2.061, 6.580
0.5, -1.1, 3.820, 9.548, -5.252, 0.870, -1.710
0.5, 1.2, -1.939, 7.924, 1.740, -1.191, -2.214
0.5, -2.3, -0.138, 9.606, 2.489, -0.992, 0.275
0.5, -0.5, 2.164, 8.574, -11.603, -4.565, -2.366
0.5, -0.5, -2.354, 9.209, 1.359, -5.344, 2.397
0.5, -1.6, 2.219, 10.013, -2.733, -3.481, 2.702
0.5, 1.4, -2.249, 8.983, -1.359, -6.137, -2.916
0.5, -1.2, 0.073, 9.989, -0.885, 3.847, 1.313
0.5, 0.9, -0.376, 7.685, -0.290, -6.076, -5.863
0.5, -1.1, -1.942, 9.371, 0.641, -1.695, 0.427
0.5, 0.1, 4.290, 7.987, -17.786, -3.298, -3.710
0.5, 0.6, -3.964, 9.533, 9.130, -0.244, 7.817
0.5, -2.6, 5.133, 8.769, -6.473, -0.290, 3.878
0.5, 0.4, -1.931, 9.719, -3.847, -5.573, 0.366
0.5, -2.2, -1.053, 9.494, 0.229, 0.885, 10.366
0.5, -0.7, 0.637, 9.820, -4.611, -6.198, -2.931
0.5, 0.0, -1.178, 9.946, -1.450, -0.901, 3.969
0.5, -1.1, 2.427, 8.856, -5.664, -2.916, -2.763
0.5, 1.9, -2.887, 8.718, 2.504, -3.237, -3.496
0.5, -0.8, 2.801, 8.405, -5.725, 3.557, 3.023
0.5, 1.2, -1.162, 9.606, -6.931, -2.565, -3.695
0.5, -1.8, -2.480, 9.585, 4.412, 3.008, 4.840
0.5, -0.3, 3.111, 9.161, -4.992, 4.458, -0.779
0.5, 2.3, -1.095, 8.759, 1.466, 11.328, 3.618
0.5, 2.1, -1.025, 7.543, 9.603, 27.817, 0.122
0.5, 3.9, 4.927, 6.395, -15.069, 48.840, -2.962
0.5, 5.0, 0.322, 6.118, -9.832, 74.748, -3.252
0.5, 7.7, -1.614, 4.140, -1.206, 102.718, -2.870
0.5, 8.5, -0.603, 3.861, 3.374, 108.397, 6.168
0.5, -7.0, 6.681, 13.448, -30.076, 61.191, -6.962
0.5, -17.4, -4.547, 14.056, -8.076, 26.061, 9.145
0.5, -9.1, -3.998, 15.890, -12.550, -2.046, 8.702
0.5, -13.1, 6.068, 15.212, -16.198, -30.763, -1.969
0.5, -13.0, 4.932, 10.704, -46.351, -59.496, -16.595
0.5, -17.8, -11.608, 12.953, 8.336, -86.916, 25.069
0.5, -7.6, 3.018, 9.969, 0.473, -106.198, 24.153
0.5, 1.3, 0.622, 7.360, 5.267, -92.702, 22.992
0.5, 4.8, 2.241, 6.336, -6.748, -70.489, 10.702
0.5, 5.9, -2.447, 4.693, -3.176, -50.733, 1.573
0.5, 5.0, -1.401, 4.265, 5.618, -28.168, -0.489
0.5, 4.6, 3.859, 7.830, 16.015, -6.473, -6.061
0.5, 2.0, -0.642, 7.295, -7.771, 4.763, -6.550
0.5, 2.4, -2.941, 8.272, 12.305, 10.412, -7.725
0.5, -0.3, 1.271, 8.402, 0.855, 4.031, 0.397
0.5, -1.4, 1.676, 9.843, 7.374, 6.641, -2.015
0.5, -1.0, -0.268, 9.407, 1.847, 1.924, 1.771
0.5, -2.4, 2.477, 9.718, -0.397, -0.534, -1.771
0.5, -0.8, -0.931, 9.060, -1.695, -3.802, 1.359
0.5, -1.0, 1.465, 9.463, -1.435, -2.656, 0.153
0.5, 0.7, -2.485, 9.534, -2.061, -3.115, 2.458
0.5, -1.8, 1.754, 9.361, 2.534, -2.351, 0.992
0.5, 0.2, -2.446, 9.008, -2.702, -4.809, -1.924
0.5, -1.0, 1.901, 9.494, -3.069, -0.779, 2.397
0.5, 0.7, -3.026, 8.758, -1.069, -4.183, -0.504
0.5, -2.2, 4.805, 9.738, 1.649, 3.099, 1.099
0.5, 0.4, -1.323, 9.257, -9.191, -6.061, -3.237
0.5, -2.1, 1.100, 9.493, -1.008, -1.878, 4.229
0.5, 0.4, -2.167, 8.862, 0.702, -9.802, 4.992
0.5, -3.1, 2.810, 8.611, -0.153, -12.885, 7.603
0.5, -0.5, -2.551, 7.495, -0.992, -27.649, 1.817
0.5, -4.7, -1.263, 6.828, 12.382, -41.603, 5.237
0.5, -3.4, 1.665, 5.969, 1.695, -64.183, 1.344
0.5, -5.4, -1.827, 4.854, 9.695, -83.450, 2.794
0.5, -5.1, 2.881, 6.217, 13.802, -98.824, -21.374
0.5, 3.1, 4.896, 9.152, -1.099, -76.962, 15.710
0.5, 12.5, -5.315, 15.188, -30.672, -54.809, -13.588
0.5, 7.1, -4.238, 11.588, 26.473, -38.641, 7.038
0.5, 3.4, 8.454, 12.467, 12.855, -8.290, -32.000
0.5, 3.7, 8.997, 12.221, -40.107, 12.580, -42.565
0.5, 4.4, 1.612, 17.170, -80.885, 58.824, 5.649
0.5, 4.6, -7.343, 14.563, -34.656, 91.405, 18.885
0.5, -1.8, -6.333, 9.685, 16.031, 81.466, 19.710
0.5, -2.5, 2.644, 7.414, -2.229, 85.786, 18.015
0.5, -2.0, -0.450, 9.600, -8.336, 71.206, 15.221
0.5, -3.8, 0.074, 6.682, -14.092, 53.481, 11.008
0.5, -3.3, -2.848, 6.443, 4.046, 40.794, -3.298
0.5, -4.8, 1.741, 6.529, 7.176, 24.733, -2.794
0.5, -3.4, 0.939, 6.914, 4.931, 9.740, -8.473
0.5, -4.1, 1.024, 7.627, -0.733, -2.641, -6.748
0.5, -0.3, 0.168, 8.346, -1.939, -4.977, -6.458
0.5, -0.3, 1.091, 9.220, -3.496, -8.901, -4.992
0.5, -1.0, 1.032, 9.465, -3.023, -5.786, 0.794
0.5, 0.5, -0.138, 9.418, -5.847, -7.176, -2.061
0.5, -0.4, 0.114, 9.440, -2.336, -5.511, 2.947
0.5, 0.7, -0.553, 9.728, -5.191, -0.382, 2.702
0.5, -1.3, -1.273, 8.814, 3.893, -4.977, 1.802
0.5, 2.0, 0.681, 9.352, -3.847, -0.779, 0.244
0.5, -1.7, -3.298, 8.592, 3.176, -2.779, -1.481
0.5, 0.1, 4.201, 9.013, 2.473, -0.977, 3.679
0.5, -1.4, -2.923, 9.595, -0.214, -3.893, -3.573
0.5, -0.8, 4.271, 8.817, -3.511, -5.328, -2.412
0.5, 0.1, -2.421, 9.771, -0.855, -3.969, -0.901
0.5, -1.4, 3.683, 8.722, -2.947, -3.511, -3.466
0.5, 1.4, -1.329, 10.104, -6.382, -2.473, 3.771
0.5, -4.0, -0.296, 9.143, 2.977, -2.763, -0.748
0.5, 1.2, -1.994, 9.249, 2.580, -2.076, 3.588
0.5, -1.3, 3.414, 8.874, -0.260, -4.061, -0.962
0.5, 0.9, -1.513, 9.439, -5.099, -0.076, 2.122
0.5, -1.8, -2.672, 8.395, 0.611, -3.542, -1.893
0.5, 0.9, 2.412, 9.063, -2.504, -0.702, -2.931
0.5, -0.6, -1.404, 9.200, 1.847, -2.962, -2.305
0.5, -0.9, 1.767, 9.681, -0.626, -5.878, -1.939
0.5, 0.1, -1.899, 8.384, -1.023, -4.580, -2.290
0.5, -0.0, 2.332, 9.378, 1.649, -2.443, -4.473
0.5, -0.7, -0.274, 9.445, -2.824, -2.321, 0.244
0.5, -0.9, -1.931, 9.517, 5.481, -7.466, -1.496
0.5, 1.0, 2.145, 8.768, -8.321, -2.962, 2.107
0.5, 1.3, -1.006, 9.772, -2.580, -0.901, -4.061
0.5, -1.7, 0.595, 8.656, -6.427, 0.397, 3.802
0.7, -0.6, -0.566, 10.151, -3.160, -6.672, -4.305
0.7, 0.9, 0.484, 8.447, -4.092, -2.672, -2.779
0.7, 0.9, -0.031, 9.622, 1.298, 0.397, -3.328
0.7, 0.4, 1.280, 7.950, -13.603, 5.023, -8.244
0.7, -1.2, -2.126, 10.196, -5.893, 1.450, -4.427
0.7, 0.3, -2.399, 8.886, 11.267, 0.504, -5.145
0.7, -0.6, 0.277, 9.230, 0.855, -1.069, -1.023
0.7, 3.4, -0.292, 6.324, 10.443, 8.824, -3.786
0.7, 3.5, 1.265, 7.883, 3.267, 25.359, -0.550
0.7, 5.2, 0.526, 5.722, -7.282, 41.969, -4.809
0.7, 6.3, -3.126, 6.394, 12.229, 68.733, -1.695
0.7, 6.1, 0.898, 4.380, 18.214, 92.382, -4.260
0.7, 7.7, 2.003, 5.478, 7.740, 122.061, -10.519
0.7, 7.6, -0.600, 3.203, 7.511, 149.191, -0.198
0.7, -1.3, 35.845, 4.393, -1.145, 154.000, 26.947
0.7, -7.5, -4.508, 30.611, -132.061, 75.191, -21.603
0.7, -9.2, -10.217, 17.502, -35.145, 56.641, 14.489
0.7, -12.2, -7.098, 12.242, 8.061, 3.954, 17.588
0.7, -6.1, 0.984, 12.044, -6.779, -19.053, -3.176
0.7, -2.9, -1.088, 12.178, -1.282, -16.504, -0.580
0.7, -0.3, -2.696, 9.875, -0.290, -18.840, -10.214
0.7, -1.2, 2.933, 7.788, -1.863, -18.122, -3.756
0.7, 1.2, -3.946, 8.587, 7.328, -5.695, -2.885
0.7, -0.5, 3.214, 7.551, -3.099, -8.336, -5.695
0.7, -3.3, 0.842, 8.191, 2.076, -6.641, 3.771
0.7, -0.8, -0.705, 9.160, -0.122, -7.527, -2.198
0.7, -2.4, 0.692, 7.428, -0.748, -5.634, 2.153
0.7, -1.0, -0.299, 8.902, 2.015, -1.191, 2.458
0.7, -2.1, 0.005, 10.290, -1.664, -3.282, -2.901
0.7, -3.2, 4.391, 8.462, -2.290, -0.626, 0.748
0.7, -1.3, -3.515, 9.479, -0.229, -2.580, 3.802
0.7, -0.3, 2.018, 8.258, -5.969, -1.618, 0.977
0.7, -1.7, -2.330, 8.538, 4.244, 1.954, 4.763
0.7, -2.7, -0.035, 9.920, -5.359, -4.595, 7.130
0.7, -1.5, 0.004, 8.399, -1.511, -6.168, 4.137
0.7, -1.5, -0.725, 9.442, 1.954, -6.611, 5.603
0.7, -1.2, -0.760, 9.397, -4.809, -7.176, 3.725
0.7, -2.7, 0.880, 8.455, 7.282, -6.290, 2.672
0.7, -3.9, 0.710, 8.765, 9.588, -15.191, 7.847
0.7, -3.7, -1.652, 7.657, 7.282, -26.977, 11.542
0.7, -4.6, 0.691, 5.605, 4.015, -40.489, 4.626
0.7, -7.2, 0.693, 6.736, 14.824, -68.656, 8.534
0.7, -5.7, -0.261, 3.928, 4.565, -93.206, 1.298
0.7, -10.6, -0.575, 3.079, 11.557, -127.374, -1.695
0.7, -0.6, 13.131, 10.366, 23.710, -132.000, -60.305
0.7, 0.4, 7.186, 8.742, -52.519, -127.344, 54.321
0.7, 8.6, -6.373, 11.481, -18.076, -108.031, -26.107
0.7, 2.6, -7.400, 15.823, 27.450, -67.618, 1.802
0.7, 7.3, 8.343, 12.511, 13.145, -38.885, -7.786
0.7, 5.4, 6.187, 13.537, -30.611, -14.519, -2.229
0.7, 5.5, -5.959, 8.945, -16.015, 2.031, 6.168
0.7, 2.8, -3.863, 11.831, 2.794, 16.626, 5.725
0.7, 0.9, 2.005, 8.650, 2.656, 19.160, 3.878
0.7, 0.9, 1.372, 9.267, -0.153, 22.718, 0.229
0.7, -0.1, 2.838, 9.895, -12.992, 18.870, -4.397
0.7, -2.3, -0.461, 7.775, 1.695, 13.282, -2.992
0.7, -1.0, 0.330, 7.469, -5.573, 10.229, -1.084
0.7, -1.7, 1.233, 9.592, -6.015, 11.557, -0.733
0.7, -1.7, 0.584, 8.866, -5.542, 5.405, -0.931
0.7, -0.9, -1.334, 7.336, -4.275, 4.397, 3.466
0.7, -1.3, 2.271, 8.812, -12.336, 1.939, 1.313
0.7, -0.6, -1.938, 10.189, -1.634, 2.611, 4.336
0.7, -2.0, -0.205, 8.698, 1.267, 0.015, 1.740
0.7, 0.3, -2.794, 9.116, -6.504, -0.321, 4.122
0.7, -1.6, 0.852, 11.237, 4.031, 3.053, -1.359
0.7, -1.2, 4.712, 9.066, -7.786, -3.771, -4.351
0.7, -1.1, -3.473, 7.275, 0.290, -2.626, 3.130
0.7, -0.2, 2.178, 9.240, -8.947, -1.099, 0.305
0.7, 0.3, -2.313, 10.657, 0.290, 7.542, 0.718
0.7, -1.0, -0.625, 7.802, 3.878, -0.702, 4.015
0.7, -3.6, 5.110, 9.555, -9.160, -3.557, 6.137
0.7, 0.8, -1.199, 11.248, -8.076, -4.458, 5.863
0.7, -1.7, -2.787, 6.656, 6.748, -5.893, -6.366
0.7, 1.4, 2.649, 7.178, -4.702, -3.221, 0.153
0.7, -0.9, 0.752, 11.594, -8.748, 1.466, 1.786
0.7, -0.4, -5.668, 11.249, 14.427, -6.443, -4.977
0.7, -0.2, 6.676, 7.999, -11.573, 2.427, -2.275
0.7, 0.0, 0.066, 8.047, -13.176, 2.305, -0.916
0.7, -1.0, -1.946, 9.841, -8.061, -0.244, 3.954
0.7, -0.9, -2.582, 8.370, 8.519, -3.038, 2.550
0.7, -1.1, 5.691, 7.910, -11.053, -4.046, -0.595
0.7, 0.4, -1.938, 9.358, -6.992, -0.443, 3.817
0.7, -0.2, -0.521, 7.855, -1.267, -2.275, 4.427
0.7, -1.2, -1.803, 8.211, -6.840, -0.198, -4.702
0.7, 0.7, -0.569, 9.213, -0.153, -2.763, -4.550
0.7, -0.6, -1.545, 11.423, -2.214, -4.260, -3.832
0.7, -5.1, 0.727, 10.372, -4.031, -13.191, -2.443
0.7, 0.7, -0.399, 8.146, -1.252, -9.756, -7.496
0.7, 0.8, 3.994, 8.813, -20.489, -10.336, -7.542
0.7, 0.5, -2.656, 8.813, -9.832, -1.710, 2.809
0.6, 4.0, 17
