0.0, -0.5, 0.067, 9.495, -2.779, -1.649, -0.489
0.0, -0.5, 0.049, 9.215, -2.870, -1.664, -0.519
0.0, -0.5, 0.083, 9.275, -2.687, -1.588, -0.504
0.0, -0.6, 0.071, 9.202, -2.748, -1.695, -0.595
0.0, -0.6, 0.055, 9.263, -2.672, -1.649, -0.336
0.0, -0.5, 0.087, 9.181, -2.901, -1.817, -0.382
0.0, -0.6, 0.017, 9.212, -2.580, -1.634, -2.794
0.0, -2.7, 1.489, 9.363, -5.069, -10.855, 0.794
0.0, 4.4, -1.506, 8.404, 1.374, 4.855, -2.794
0.0, -3.5, 1.453, 10.179, 0.351, -1.710, 0.885
0.0, -3.0, 0.819, 9.299, -9.511, -4.366, -0.122
0.0, -0.8, 1.809, 9.564, -6.489, -0.260, -1.435
0.0, -0.9, 1.286, 9.165, -2.046, -5.099, -1.313
0.0, 2.9, -0.547, 9.887, 0.366, 1.603, -0.244
0.0, -3.2, -0.447, 9.595, -14.611, -6.947, -0.473
0.0, 1.5, -0.590, 9.437, -1.618, -1.939, 1.832
0.0, 1.9, -0.330, 9.359, -6.977, -4.595, 2.412
0.0, 2.0, 0.430, 9.518, -8.947, -0.702, -2.611
0.0, 0.7, 1.225, 8.772, 3.893, -3.115, 0.885
0.0, 0.3, 1.150, 9.749, -8.092, -3.695, 1.374
0.0, 1.8, -1.340, 8.758, 1.084, -3.344, 1.389
0.0, 0.0, -0.956, 9.529, -1.115, -3.115, 0.595
0.0, 1.9, 0.953, 9.055, 0.168, -2.504, -0.870
0.0, 0.0, -0.692, 9.722, -8.366, -1.908, 0.519
0.0, 0.2, 0.810, 8.929, 2.443, -4.702, 2.809
0.0, 1.7, 1.658, 9.261, -5.603, -0.046, 1.206
0.0, 0.2, -2.399, 8.890, 2.824, -4.092, 2.107
0.0, -0.6, 0.211, 10.106, -4.015, -4.489, 3.756
0.0, -0.0, -2.638, 9.084, -2.947, -7.618, -0.443
0.0, 0.6, 1.846, 9.299, -8.718, -0.870, -4.702
0.0, 1.5, -1.368, 8.855, 0.992, -0.641, 3.863
0.0, -0.2, -0.401, 9.293, -10.000, -1.252, -3.130
0.0, -1.1, 2.373, 9.888, -12.473, -7.985, 1.008
0.0, -1.5, -0.083, 9.523, -19.221, -15.435, 3.527
0.0, 2.1, -1.255, 8.267, -11.206, -4.275, 4.321
0.0, -0.1, 1.088, 9.697, 0.244, -1.985, 0.443
0.0, 0.7, -1.059, 9.471, -2.397, -4.550, 0.336
0.0, -0.4, -0.029, 10.060, -5.282, -2.366, 3.298
0.0, 1.4, 0.734, 8.630, -2.366, -5.557, -3.069
0.0, -0.6, 1.118, 8.836, -8.748, -2.290, 0.473
0.0, 0.2, -1.653, 9.910, -2.183, -3.802, 1.573
0.0, 1.2, 2.136, 9.628, 4.550, -4.137, -4.595
0.0, -0.1, 1.486, 9.430, -5.603, -1.939, -2.855
0.0, -0.0, -3.256, 9.102, -8.656, 0.901, 3.969
0.0, 1.7, 1.341, 9.336, 10.702, 1.618, -1.267
0.0, 1.1, -2.423, 9.432, 6.565, 6.260, -6.931
0.0, 1.2, -2.201, 8.729, 22.840, 12.382, -5.908
0.0, -3.2, 3.834, 8.278, 8.168, 1.664, 3.405
0.0, -5.5, 1.701, 10.069, -16.565, -12.382, 0.458
0.0, 1.5, -2.812, 8.687, 6.656, 2.809, 8.260
0.0, 0.1, 0.973, 8.541, 6.244, 5.191, 5.191
0.0, -1.8, 1.234, 10.116, -17.863, -2.702, -1.847
0.0, -0.4, 1.331, 9.905, -6.733, -0.992, 7.588
0.0, 0.7, -2.207, 7.666, -8.244, -1.038, -3.756
0.0, -0.5, 3.344, 9.062, -2.947, -2.473, -2.031
0.0, -0.1, -0.827, 9.293, -6.275, -7.481, -5.832
0.0, 2.1, 2.619, 10.703, -16.046, 4.412, -0.031
0.0, -3.6, -3.907, 8.191, 6.870, -0.580, 1.221
0.0, -0.7, 1.344, 7.736, -6.046, -3.069, -1.740
0.0, 1.3, 0.245, 9.929, -4.977, -3.252, 1.969
0.2, -0.3, 0.124, 9.585, -6.534, -1.679, 0.840
0.2, 0.4, -1.981, 8.890, -2.046, -1.603, -0.076
0.2, 1.1, -1.498, 9.066, -2.397, -1.924, -1.924
0.2, -1.3, -0.384, 8.395, -1.771, -6.183, -0.840
0.2, -0.3, -3.187, 8.909, -2.687, -3.130, 3.435
0.2, 1.5, 0.463, 9.341, 2.641, -3.191, 2.885
0.2, -0.3, 2.163, 8.939, 7.557, -9.649, 9.542
0.2, -2.2, -3.923, 7.628, 10.321, -13.649, 6.977
0.2, 1.0, 7.315, 11.307, 2.672, -9.771, 0.366
0.2, 1.2, 5.023, 9.853, -21.496, -2.840, -10.504
0.2, 1.7, -4.654, 8.146, -5.298, -0.214, -2.840
0.2, -1.0, -1.587, 9.458, 6.183, 1.496, 6.763
0.2, -2.3, 3.008, 9.827, -9.695, -1.389, 3.115
0.2, 0.4, -1.707, 10.148, -3.023, -2.702, 5.603
0.2, -0.8, 0.958, 10.266, 11.634, -3.130, 1.450
0.2, 0.1, -1.864, 8.430, -4.031, -0.611, 5.344
0.2, -0.6, -0.549, 8.516, -1.908, -0.763, 1.176
0.2, 0.9, 0.807, 9.085, -6.718, 1.542, -6.366
0.2, 1.6, 0.828, 9.791, -7.710, 2.061, -1.954
0.2, 0.2, 2.395, 10.426, -4.397, 1.511, -1.298
0.2, -1.0, -2.173, 9.544, 1.649, -2.611, 3.847
0.2, -0.3, -2.571, 8.793, 5.237, -0.855, 0.840
0.2, 1.5, -0.221, 8.859, -4.580, 0.229, 7.038
0.2, -2.2, 0.897, 9.041, -7.191, -4.412, 3.191
0.2, -0.5, -1.434, 8.860, -6.885, -4.962, 0.244
0.2, 1.3, 0.369, 9.612, -5.313, -2.061, 0.779
0.2, 0.4, 0.705, 9.559, -2.718, -6.626, -0.321
0.2, -2.7, -4.752, 11.576, 1.450, -13.298, 5.298
0.2, 4.0, 3.930, 6.977, -1.344, -1.176, 0.107
0.2, -0.7, 3.692, 8.988, -13.145, 1.466, 2.840
0.2, -2.3, -3.126, 10.675, -5.756, -5.435, 0.840
0.2, -1.8, 3.117, 9.591, -4.687, -7.847, -3.420
0.2, 1.6, -0.156, 7.900, -6.061, -1.282, 1.863
0.2, 3.4, 1.804, 7.869, -8.931, 12.305, 10.565
0.2, 4.5, 2.146, 8.448, -30.214, 19.221, -4.076
0.2, -4.0, -5.544, 10.264, -4.748, 0.748, 0.809
0.2, -1.6, -5.436, 12.785, 26.519, -10.351, 0.626
0.2, 0.9, 3.879, 9.183, -15.878, 2.061, 0.901
0.2, 3.2, -0.790, 7.039, 3.542, 6.611, 0.458
0.2, -1.8, 2.424, 11.074, -1.435, 0.611, 4.947
0.2, -1.7, 1.818, 9.282, -5.450, 0.977, 4.733
0.2, 2.7, -2.241, 10.271, 19.527, 12.992, 13.878
0.2, -0.5, 2.211, 8.346, 0.092, 4.580, 5.313
0.2, -2.1, 3.533, 6.267, -25.985, -2.107, 2.489
0.2, -0.4, -5.833, 8.174, 2.366, -1.954, 2.000
0.2, 0.9, 0.983, 8.635, -11.130, -2.641, 6.901
0.2, -0.2, 1.031, 9.096, -7.389, -3.832, 1.695
0.2, -1.7, -4.010, 8.267, -7.405, -9.008, -6.092
0.2, -1.6, 2.356, 7.758, -22.382, -12.656, 10.611
0.2, 3.7, -3.561, 9.858, 6.489, -0.412, 0.702
0.2, -0.5, 3.185, 12.131, -9.740, 1.802, 0.351
0.2, 0.0, 0.769, 8.566, -4.244, 3.603, -1.969
0.2, -1.9, -2.788, 10.798, 4.321, -2.977, 5.221
0.2, -0.3, -1.592, 9.449, -7.053, -0.611, 2.733
0.2, 1.0, 4.082, 8.262, -2.763, 0.992, 3.145
0.2, 0.5, 0.373, 9.455, -4.779, -1.008, 3.634
0.2, -2.8, -4.633, 10.821, 2.366, -0.565, 1.588
0.2, 1.4, 2.265, 8.758, -7.221, -1.374, 5.557
0.2, -0.9, -0.541, 9.596, 0.092, -4.092, 6.763
0.2, -0.5, 2.405, 9.699, -5.359, -3.817, -0.595
0.2, 0.5, -0.685, 9.594, -5.435, -3.496, 0.794
0.2, 0.0, -0.412, 8.685, -4.641, -0.992, 3.954
0.2, 0.6, -1.359, 8.179, -3.649, 1.145, 0.580
0.2, -0.2, 2.257, 12.483, -10.137, -4.366, -3.115
0.2, -0.3, -0.707, 7.460, -8.519, -5.679, 1.756
0.2, 1.2, -0.012, 8.981, 3.710, -2.458, 6.687
0.2, -11.3, -3.525, 11.491, -4.244, -35.069, 6.076
0.2, 3.8, 0.013, 9.055, 1.099, -18.031, -4.855
0.2, 5.9, 2.868, 6.242, 2.931, 1.221, 2.504
0.2, 3.1, -1.246, 6.857, -7.176, 8.641, 1.802
0.2, 1.3, 1.596, 7.717, -2.061, 14.153, 0.122
0.9, 0.8, -0.764, 9.884, -5.863, 10.137, -0.916
0.9, -1.6, -2.711, 11.028, 6.489, 8.977, -0.198
0.9, 2.3, 1.893, 7.489, -0.427, 24.214, -0.687
0.9, 6.3, 1.280, 6.033, -12.153, 19.038, 2.840
0.9, -9.6, -1.622, 10.282, -11.695, -2.351, 9.954
0.9, -3.9, -1.537, 12.435, 2.885, -11.588, 7.237
0.9, 0.4, 0.468, 9.916, -3.008, -4.809, 7.481
0.9, 1.7, 3.168, 9.713, -6.901, -2.870, 3.282
0.9, -0.0, 1.136, 8.559, -6.870, -0.290, -0.198
0.9, -1.1, -1.128, 8.313, -3.634, -1.359, -5.634
0.9, 4.4, -0.470, 11.522, -4.763, 23.527, -1.695
0.9, 4.9, -0.548, 11.791, -2.702, 26.473, -1.542
0.9, -7.4, -4.468, 9.076, 7.771, 10.244, 2.366
0.9, -5.3, 5.199, 6.776, -18.580, -5.924, -2.000
0.9, 0.0, -1.571, 7.192, -7.817, -4.885, -2.198
0.9, 1.0, -2.755, 7.023, 5.191, -5.710, 1.267
0.9, -1.5, -0.822, 8.965, 10.229, -10.458, 6.702
0.9, -0.8, 2.421, 10.763, -1.511, -23.252, 8.916
0.9, -5.3, -1.428, 6.355, 10.290, -34.931, -13.511
0.9, 1.6, 4.462, 10.612, -21.664, -14.214, 10.122
0.9, 6.1, -2.030, 8.410, 3.466, 2.015, -3.130
0.9, 2.9, -0.479, 12.461, 1.878, 1.832, -3.634
0.9, -4.1, 1.998, 9.588, -8.198, -2.672, 2.977
0.9, -0.3, -1.915, 8.453, 1.786, -3.374, 4.290
0.9, 0.0, 0.802, 7.508, -5.939, -3.496, 6.977
0.9, 0.4, 0.486, 8.857, -4.977, -2.901, 4.840
0.9, -0.2, -0.233, 9.613, 3.588, 1.023, 3.435
0.9, -0.5, -1.211, 9.886, 0.214, -1.756, -3.008
0.9, 0.8, 1.671, 9.256, -12.794, 0.000, 3.450
0.9, 1.1, -0.650, 9.264, -6.198, 0.733, 4.382
0.9, -0.1, 0.029, 8.479, 0.840, -0.183, 2.473
0.9, -4.2, 4.264, 12.104, -13.359, -21.405, 3.725
0.9, -6.4, 5.849, 9.935, -53.191, -29.649, -1.802
0.9, 3.8, -3.055, 10.485, -28.443, -16.885, -2.046
0.9, 4.3, -6.777, 7.524, 12.687, 0.366, 2.229
0.9, 4.3, -3.961, 8.449, 17.603, 11.450, 1.069
0.9, 2.0, -1.415, 8.859, 12.107, 17.603, -6.336
0.9, -0.0, -1.929, 8.830, 13.405, 20.321, -10.122
0.9, 1.6, -3.619, 7.597, 20.779, 28.977, -2.382
0.9, -4.6, 4.533, 7.995, -18.504, -14.107, -7.298
0.9, -5.1, -0.860, 10.647, 14.534, -10.076, 11.160
0.9, 0.6, 2.618, 10.722, -13.313, 12.351, -18.855
0.9, 3.7, 3.446, 9.517, -36.076, 19.130, 3.664
0.9, -4.6, -3.828, 7.011, 20.290, 1.344, 7.359
0.9, -0.5, 2.701, 6.896, -7.206, -15.267, 10.382
0.9, -3.4, -5.279, 7.482, 5.786, -27.008, 21.695
0.9, -2.8, -0.795, 7.926, -0.290, -8.565, 6.748
0.9, -3.6, 6.686, 14.022, -11.053, 10.412, -0.214
0.9, -2.3, -0.250, 7.344, -11.588, 3.420, 3.649
0.9, -2.2, -0.011, 10.305, -6.290, 2.977, -2.855
0.9, 1.7, 0.256, 8.728, -5.786, -2.061, 1.450
0.9, -1.3, -3.980, 11.157, 6.901, -1.282, 4.260
0.9, -0.6, 1.617, 8.320, -8.107, -1.405, 11.603
0.9, -1.0, 2.122, 8.138, -7.389, -5.954, 4.809
0.9, -4.2, -3.468, 14.062, -3.313, -34.443, -1.359
0.9, -9.8, -8.963, 8.801, 48.656, -38.489, 17.939
0.9, 4.6, 3.359, 6.650, 32.580, -23.969, 4.763
0.9, 8.8, 4.363, 6.165, 2.580, -5.756, -1.557
0.9, 2.6, 2.935, 7.058, -23.221, 9.954, -6.992
0.9, 2.1, 3.096, 8.880, -20.366, 12.595, 5.573
0.9, -1.4, -1.137, 9.762, -12.015, 10.534, 5.084
0.9, 1.0, 1.255, 7.970, -11.832, 8.427, 13.817
0.9, 6.0, 11.218, 5.710, -37.374, 34.992, -12.366
0.9, -8.0, -9.492, 8.776, -67.267, 10.015, 4.244
0.9, -3.7, -6.919, 15.010, 9.634, 1.863, 2.840
0.9, -0.6, -2.105, 9.621, 43.053, -2.031, 5.374
0.9, 2.9, 4.430, 10.165, 0.427, -2.031, 9.939
0.9, 7.0, -9.222, 11.072, -3.817, 37.359, 25.481
0.9, 1.0, -0.089, 11.467, 23.740, 34.092, 2.672
0.9, -7.6, 3.446, 5.990, -17.282, 3.221, 4.305
0.9, -0.1, -3.239, 7.456, -3.618, -3.359, 1.588
0.9, -2.0, 1.677, 5.841, 1.786, -3.328, 2.595
0.9, -1.1, 5.024, 8.402, -13.603, -14.046, -13.832
0.9, -4.7, -0.682, 6.294, -14.198, -31.008, -16.794
0.9, -3.5, -0.924, 9.282, -37.374, -27.893, 18.580
0.9, 3.8, -5.031, 12.854, 17.328, -18.427, -0.473
0.9, 2.6, 4.259, 9.291, -6.931, -4.031, -1.405
0.9, -1.5, -1.196, 11.200, -10.794, -5.221, 3.832
0.9, 2.3, -1.792, 8.806, 7.328, 1.176, 5.053
0.9, 0.4, -0.427, 9.692, 4.931, 3.939, -1.237
1.2, -1.1, 1.956, 8.155, 2.366, -0.779, 6.962
1.2, 1.3, 0.966, 9.082, -1.374, -2.275, 0.702
1.2, 0.0, 1.407, 9.835, 0.611, -3.740, 4.763
1.2, 0.5, -0.502, 8.887, -2.366, -0.382, 7.267
1.2, -2.0, 1.873, 8.048, -2.626, -0.412, 7.893
1.2, -3.4, 2.654, 10.095, -1.374, -8.061, 21.969
1.2, -11.7, 8.942, 13.398, -28.779, -40.641, -16.290
1.2, -8.1, -10.448, 7.359, -42.061, -78.763, 39.573
1.2, 6.9, -3.486, 8.232, 57.847, -50.000, 11.328
1.2, 9.7, 6.577, 5.588, 26.534, -20.519, 1.649
1.2, 4.6, 5.728, 4.747, 3.954, -2.901, 4.382
1.2, 4.8, 4.451, 8.192, -13.786, 16.015, -4.840
1.2, 4.2, -1.557, 8.553, -21.511, 30.977, -8.901
1.2, 5.7, -4.142, 5.120, -4.214, 60.031, -6.733
1.2, -2.7, -4.618, 17.239, 59.786, 66.137, 36.366
1.2, -9.7, 7.760, 3.394, -66.275, 34.076, -16.198
1.2, -11.4, -9.808, 8.374, -38.321, 11.985, 8.397
1.2, -0.5, -8.786, 13.962, -1.527, -8.229, 8.168
1.2, -3.3, 0.552, 11.781, 29.237, -4.519, 4.504
1.2, 9.3, 8.600, 12.875, -11.252, 20.473, -14.870
1.2, 5.4, -6.527, 14.530, -56.687, 54.534, 32.366
0.8, 2.4, 10
