0.0, -0.5, 0.048, 9.365, -2.916, -1.695, -0.397
0.0, -0.5, 0.024, 9.409, -2.962, -1.786, -0.321
0.0, -0.5, 0.069, 9.365, -2.885, -1.710, -0.366
0.0, -0.6, 0.022, 9.337, -2.870, -1.771, -0.473
0.0, -0.6, 0.073, 9.373, -2.885, -1.756, -0.214
0.0, -0.5, 0.139, 9.303, -2.931, -1.802, -0.260
0.0, -2.0, 0.153, 9.424, -3.603, -5.847, 1.725
0.0, 3.5, 1.052, 9.373, -2.198, -6.244, -1.771
0.0, 1.6, -0.710, 10.069, -4.061, 7.435, -3.832
0.0, -2.3, -0.164, 9.215, -1.679, -4.275, -0.397
0.0, 0.9, 0.966, 9.158, -4.351, -0.183, -0.504
0.0, 0.9, -0.451, 9.304, -1.405, 0.962, -1.481
0.0, -1.1, -0.086, 9.905, -1.328, -1.679, -1.542
0.0, -1.1, 0.660, 9.459, -3.267, -2.580, -0.962
0.0, -0.8, -0.011, 9.127, -1.710, -4.947, -0.031
0.0, -0.3, 1.486, 9.340, -4.351, -4.137, -2.168
0.0, 1.4, -0.887, 10.087, -2.687, 1.985, -1.481
0.0, -2.1, -0.385, 8.697, -2.947, -2.718, 0.031
0.0, -2.0, -0.286, 9.023, -1.084, -6.336, 1.115
0.0, 0.8, 1.498, 9.274, -5.786, -2.870, -2.473
0.0, 1.4, -0.456, 9.651, -0.763, 2.718, -1.359
0.0, -0.8, 0.826, 9.039, -3.679, -0.534, -2.595
0.0, -2.1, -0.566, 9.383, -3.008, -6.168, 0.824
0.0, 0.5, 0.605, 9.218, -5.252, -3.221, -1.924
0.0, 1.7, -0.511, 9.789, -4.229, -3.130, 0.092
0.0, -1.9, -0.681, 9.290, -1.450, -4.550, -0.595
0.0, 2.8, 0.508, 9.178, -1.496, 5.435, -2.443
0.0, -2.5, 0.627, 9.400, -2.107, -4.046, -1.115
0.0, -2.3, 0.317, 8.915, -5.740, -5.725, -2.061
0.0, 3.4, -0.019, 9.467, -1.634, 2.397, 0.183
0.0, -1.3, 0.928, 10.008, -5.466, -4.305, 0.962
0.0, 0.9, -0.976, 9.744, -0.641, 0.031, 0.733
0.0, -1.2, 0.935, 8.586, -5.023, -2.794, 2.198
0.0, -0.1, 0.450, 9.944, -3.405, -0.748, -0.458
0.0, -1.5, -0.272, 10.100, -4.076, -4.992, 3.710
0.0, 1.1, 0.204, 8.796, 0.336, 3.695, -0.473
0.0, -0.8, 0.420, 9.008, -3.542, -2.580, -0.260
0.0, -1.1, -0.205, 9.814, -2.748, -5.130, 0.763
0.0, 0.4, 1.100, 9.975, -5.588, -1.802, -1.282
0.0, 1.5, 1.043, 8.871, -2.519, -0.947, -0.076
0.0, -2.1, 1.440, 8.723, -4.031, -5.252, 1.328
0.0, -1.2, 0.304, 10.385, -5.756, -6.748, -3.573
0.0, 0.7, 0.747, 9.364, 0.931, -2.305, 1.053
0.0, -1.8, 0.047, 10.306, -3.908, -3.679, -0.351
0.0, 1.0, -0.522, 10.075, -2.366, 0.916, -1.649
0.0, -0.3, 0.109, 8.844, -3.328, 0.916, -2.397
0.0, -1.2, 1.253, 9.597, -5.603, -6.824, -1.802
0.0, -0.5, 0.186, 9.183, -4.229, -1.649, -1.847
0.0, -0.4, -0.067, 8.801, -7.496, -1.389, 2.000
0.0, -0.8, -0.425, 10.130, -2.366, -0.687, -1.160
0.0, 0.0, -0.333, 10.017, -8.504, -0.565, 0.595
0.0, -0.3, 0.115, 8.118, -2.427, -0.336, -1.756
0.0, -1.2, 0.218, 8.606, -0.427, -1.511, -0.992
0.0, 0.7, 2.125, 9.629, -11.511, 0.534, -0.519
0.0, -1.0, -1.753, 9.114, -0.214, -0.809, -3.832
0.0, -0.6, -0.063, 8.898, 2.977, -2.092, 1.527
0.0, -0.4, 3.102, 10.288, -7.160, -2.489, -1.527
0.0, 0.7, -1.826, 9.515, -6.595, 0.489, 0.000
0.0, -0.8, -0.707, 8.888, -0.931, -3.405, -2.977
0.2, -0.7, 0.904, 9.669, -6.198, -1.985, 0.672
0.2, 0.9, -1.980, 8.718, -1.237, -3.053, -3.847
0.2, -1.2, 1.723, 9.796, -8.885, -3.405, 1.679
0.2, 0.3, -1.050, 8.832, 1.115, -1.023, -1.863
0.2, 0.1, 1.713, 9.434, -6.641, -2.031, 0.595
0.2, -1.6, -1.678, 9.394, -3.725, -4.702, 1.740
0.2, 0.1, 1.680, 9.783, -0.687, -1.420, -5.099
0.2, -0.5, -2.022, 8.908, -4.015, -2.824, -0.580
0.2, -0.7, -0.124, 8.888, 0.427, -1.863, 2.382
0.2, 0.8, 1.399, 9.779, -11.328, -2.412, 2.870
0.2, -1.5, -0.839, 8.875, 2.718, -1.206, 2.641
0.2, 0.5, 3.440, 9.932, -5.282, 0.550, -1.603
0.2, -1.0, -3.229, 9.347, 4.458, -3.023, -0.763
0.2, -1.2, 1.887, 9.766, -4.107, -1.298, 3.649
0.2, -0.1, 0.972, 8.564, 3.481, -3.313, -2.901
0.2, -1.9, 0.042, 9.039, 3.863, -1.511, -3.481
0.2, 1.1, 0.405, 9.275, -6.641, -0.901, -1.008
0.2, -1.7, -2.103, 9.163, -1.466, -3.924, 5.389
0.2, -0.5, 0.952, 9.451, -14.321, -2.046, -4.031
0.2, -2.4, 2.447, 10.756, -8.977, -9.679, 2.626
0.2, -3.5, -1.006, 8.317, -26.122, -18.519, 5.466
0.2, 3.4, -0.747, 8.188, -15.191, -5.099, 6.733
0.2, -1.1, -1.019, 9.746, -4.641, -3.969, 0.275
0.2, 0.4, 0.376, 9.280, 6.321, -5.405, 1.969
0.2, 2.1, 2.034, 9.522, -6.885, 1.008, -5.115
0.2, -2.4, -1.991, 8.936, -6.550, -3.481, 0.595
0.2, 0.9, 0.215, 9.695, 2.962, -3.206, 2.641
0.2, -2.1, 1.796, 10.235, 0.290, -1.221, 1.511
0.2, 2.8, 0.982, 9.418, -11.664, -1.756, 0.046
0.2, -0.9, 0.895, 9.529, -5.435, 1.191, -1.130
0.2, -0.3, -0.979, 8.672, 6.229, -1.557, 0.382
0.2, 0.3, 2.284, 9.634, -0.076, 1.939, -4.840
0.2, 1.2, -4.448, 8.769, 2.901, 0.885, -1.084
0.2, -1.2, 1.289, 9.335, 4.901, 3.405, -2.244
0.2, 1.9, -0.809, 8.922, 1.496, 5.038, 1.099
0.2, -0.6, 0.251, 9.893, 3.649, 4.382, -7.527
0.2, -0.1, -1.199, 8.598, -2.244, 7.679, -6.336
0.2, 0.0, -3.798, 8.076, 18.183, 16.168, -5.893
0.2, 2.4, -0.198, 11.681, 25.221, 13.588, 3.115
0.2, -8.1, 5.448, 9.456, 5.618, -1.847, 3.740
0.2, -2.2, 3.757, 9.644, -19.847, -10.718, -0.504
0.2, -0.7, -4.446, 8.933, 6.687, 3.023, 6.122
0.2, -2.8, 3.280, 8.025, 2.840, 0.412, 4.153
0.2, -0.2, -0.150, 10.424, -2.794, -2.519, -1.053
0.2, -1.8, -3.217, 8.942, 6.336, -1.878, -0.824
0.2, 1.0, 0.044, 8.868, -0.061, -2.107, -2.718
0.2, -1.6, 1.495, 9.092, -3.588, -1.237, 1.298
0.2, 0.2, -2.282, 9.785, -0.565, -1.344, -1.557
0.2, -0.6, 2.083, 8.423, -4.962, -1.969, 0.244
0.2, 1.4, 1.298, 9.564, -1.817, -1.725, 0.137
0.2, -1.5, -0.230, 9.079, -6.214, -3.084, -2.031
0.2, 0.3, 1.010, 9.626, -4.962, -3.130, 0.015
0.2, -0.7, -1.883, 8.746, 2.595, -0.412, -1.160
0.2, -0.2, 2.993, 10.013, -5.557, -1.847, -7.267
0.2, -1.2, 0.803, 10.769, -8.260, 6.504, -11.588
0.2, 2.2, 0.800, 10.422, -9.649, 12.550, -11.099
0.2, -1.2, -0.707, 8.941, -11.786, 11.130, -6.473
0.2, -1.5, -2.163, 8.520, 2.550, 8.580, 0.824
0.2, -2.1, 0.305, 8.406, 0.244, 0.092, -1.511
0.2, -1.8, 0.518, 9.060, -3.496, -3.817, 1.084
0.2, 0.3, 0.675, 9.087, -11.649, -4.534, -0.214
0.2, -1.0, -2.559, 9.685, 6.305, -0.580, -0.229
0.2, 1.5, -0.090, 9.102, -0.336, -3.008, -1.206
0.2, 0.7, 0.784, 9.861, 1.160, -0.611, -2.122
0.2, -2.8, 1.009, 9.145, -7.878, -5.313, -3.573
0.2, 1.6, 1.507, 10.077, 4.290, -2.824, 0.260
0.2, 2.3, 2.139, 10.099, -1.832, -2.550, 6.458
0.2, -0.3, -1.492, 8.643, 1.237, -0.626, 0.733
0.2, -1.3, -2.532, 9.007, -3.557, -5.969, 6.504
0.2, -0.3, 0.584, 9.861, 6.321, -10.229, 0.824
0.5, -0.7, -1.080, 9.076, 2.687, -8.351, 11.359
0.5, -1.1, 0.606, 9.679, 8.046, -17.420, 6.412
0.5, -0.1, 0.224, 9.864, 9.679, -9.328, -1.771
0.5, 1.1, -1.030, 10.102, 0.550, 0.763, 0.916
0.5, -1.2, 0.084, 9.487, -13.069, -0.824, 2.244
0.5, -1.3, 0.879, 8.993, 1.924, -3.496, 0.107
0.5, 0.5, -0.018, 9.686, -9.496, -3.130, 2.153
0.5, 0.6, 0.254, 10.084, 1.389, 0.153, 2.992
0.5, -1.6, -1.438, 9.373, -7.802, -2.061, 2.458
0.5, -0.4, 0.527, 9.556, 2.595, -2.153, -0.885
0.5, -0.9, -2.188, 8.976, -4.122, -0.534, 0.092
0.5, 0.6, 2.271, 9.717, 4.962, -2.672, -2.076
0.5, -0.9, 0.323, 9.986, -14.779, -1.267, -1.679
0.5, 0.4, 0.940, 10.144, 4.718, -2.076, 0.427
0.5, -1.3, 3.024, 9.815, -9.282, 0.595, 0.504
0.5, 0.3, -0.909, 9.643, -0.885, -2.519, 0.427
0.5, -0.6, 1.411, 9.549, -8.656, 3.420, 3.527
0.5, 0.1, -2.227, 10.585, 0.183, -1.939, 3.389
0.5, -1.1, -1.550, 9.991, 3.069, -3.313, -2.092
0.5, 0.6, 0.742, 8.695, -6.473, -2.290, 3.221
0.5, 0.3, -0.079, 9.437, 4.107, -0.718, -3.802
0.5, 0.3, 0.499, 8.502, -12.275, 0.641, 2.275
0.5, -0.6, 0.063, 9.390, 1.435, -2.718, 1.084
0.5, 0.3, -0.091, 8.887, -7.878, -0.992, 3.023
0.5, -0.9, 0.174, 9.623, 1.832, -4.443, -0.046
0.5, 1.0, 0.622, 9.268, -9.725, 1.450, 4.565
0.5, -2.7, -0.148, 9.908, 0.198, -5.756, 0.641
0.5, 0.7, -0.040, 9.744, -9.618, -2.183, 6.473
0.5, -0.9, 0.107, 9.279, 2.061, -5.496, 0.595
0.5, 0.9, 0.031, 9.327, 2.977, -1.710, 7.542
0.5, -1.1, 3.867, 9.100, -10.076, -2.092, -0.824
0.5, -0.7, -3.761, 8.572, -3.893, -0.840, 4.534
0.5, 0.3, 1.076, 10.399, -4.366, -2.656, -1.481
0.5, -1.4, 0.098, 7.985, 1.313, -2.947, -1.374
0.5, 1.2, -0.909, 10.775, -5.298, -3.588, -2.794
0.5, -6.0, -5.549, 10.891, 16.855, -22.458, -14.031
0.5, -3.2, -1.094, 10.013, 30.092, -27.359, 5.817
0.5, 2.5, 2.855, 7.353, 23.771, -17.710, -4.748
0.5, 5.7, 3.395, 6.166, 2.824, 0.321, -5.267
0.5, 1.1, 1.250, 9.450, 0.122, 4.290, -5.634
0.5, -2.1, 2.527, 9.409, -13.954, 4.183, 0.031
0.5, -3.7, -0.354, 11.168, -5.573, -5.985, -1.511
0.5, 0.2, 0.723, 9.732, 1.573, -8.122, 1.618
0.5, 1.2, 0.330, 9.570, -10.565, -2.611, 4.244
0.5, 0.2, -0.249, 8.999, -1.176, -3.634, -1.863
0.5, 0.3, -0.688, 9.012, 2.305, 1.649, -2.443
0.5, -1.6, 0.238, 10.300, -4.305, -2.580, 0.489
0.5, -0.6, -0.265, 9.329, -0.962, -3.389, 3.176
0.5, 0.7, 0.543, 9.366, -1.618, -0.107, 4.687
0.5, -0.6, 1.544, 8.523, -8.168, -0.992, 0.351
0.5, 1.4, 1.335, 7.938, -4.015, 5.649, 11.237
0.5, 3.0, 3.224, 7.657, -14.702, 28.107, 16.580
0.5, 4.9, 7.314, 6.650, -45.176, 34.412, -2.305
0.5, -6.7, -3.205, 19.176, -83.878, -6.366, 3.008
0.5, -10.0, -11.061, 12.039, 0.046, -21.115, 6.977
0.5, 3.4, -5.983, 10.116, 34.336, -16.412, -1.191
0.5, 3.5, 7.096, 7.864, 19.557, 2.000, -6.031
0.5, 3.3, 4.737, 9.157, -15.008, 2.748, -7.863
0.5, -1.2, -0.880, 9.746, -23.328, 7.145, 0.794
0.5, -1.5, -2.357, 9.085, -0.626, -3.832, -4.153
0.5, 0.3, -1.572, 10.862, 8.626, -7.038, 3.725
0.5, -0.4, 3.065, 9.439, -12.076, 1.115, 2.595
0.5, 1.4, -1.326, 8.637, 2.672, -3.496, -2.672
0.5, 0.1, -2.152, 9.406, 1.435, 0.092, 4.931
0.5, -0.6, 2.626, 8.692, -13.405, -0.183, -3.160
0.5, 1.5, 0.913, 9.906, -9.649, -2.824, 7.634
0.5, -2.0, -2.808, 10.670, 0.824, 10.931, 18.901
0.5, 2.8, -1.668, 11.236, 4.992, 21.939, 16.000
0.5, -0.1, -1.295, 10.351, 15.328, 15.069, 8.168
0.5, -2.9, 2.664, 8.110, -2.031, 10.168, 3.145
0.5, -1.8, 0.965, 8.049, 5.710, 2.366, -0.519
0.5, -3.3, 3.110, 8.838, -13.985, 0.412, -2.122
0.5, -0.8, 1.210, 9.583, -8.443, -3.634, 0.382
0.5, 0.3, -0.006, 9.219, -7.878, 2.229, 4.336
0.5, -1.5, -0.850, 9.233, -4.947, -1.221, 3.695
0.5, 0.4, -1.656, 9.353, -6.855, -0.473, 1.374
0.5, -1.6, -0.676, 9.426, -0.840, -2.046, 1.924
0.5, -0.1, 0.511, 8.994, 1.939, -2.321, -2.916
0.5, 0.3, 0.259, 10.206, -4.855, -1.130, 4.336
0.5, -1.7, 1.071, 8.848, -4.534, -3.740, -5.084
0.5, 0.7, -0.485, 9.646, -5.160, -4.031, 5.557
0.5, -1.8, 1.974, 8.742, 0.244, -8.947, -10.580
0.5, -0.9, 3.762, 6.432, -21.863, -18.672, -10.412
0.5, -4.2, 0.473, 9.043, -24.214, -30.824, -23.496
0.5, -0.9, -2.334, 12.787, -40.015, -16.626, -2.397
0.5, 4.2, -5.586, 12.175, 10.947, -6.519, 1.679
0.5, 0.4, -5.665, 9.544, 28.748, 5.160, 6.046
0.5, -0.4, 4.337, 8.222, -7.908, 2.763, 1.832
0.5, -0.7, -3.735, 7.547, 7.084, 4.718, 8.153
0.5, -2.1, -3.810, 8.845, -0.763, 2.748, 2.015
0.5, 0.3, 3.414, 8.056, -0.611, 2.458, 0.504
0.5, -2.7, 0.114, 10.332, 0.183, -0.244, 5.374
0.5, -0.8, -2.051, 9.443, -2.519, -4.565, -2.702
0.7, 0.2, 2.604, 8.605, -4.702, 3.298, 4.061
0.7, -0.7, -3.821, 10.289, 3.802, 0.504, 0.977
0.7, 0.9, 1.434, 8.578, -4.687, -2.092, -2.458
0.7, -0.7, 1.184, 9.805, -3.832, -1.420, 4.244
0.7, -2.4, -2.826, 10.124, 1.359, -4.458, -0.031
0.7, 0.6, 2.422, 7.933, -7.573, -5.069, -0.718
0.7, 1.2, -2.462, 9.431, 6.153, 1.328, 2.305
0.7, -1.0, 0.200, 9.862, -10.443, -1.053, 3.099
0.7, -0.3, 2.145, 9.201, -6.534, -4.046, -4.275
0.7, -0.2, -4.123, 10.451, 2.641, -1.832, 2.229
0.7, -0.6, 0.533, 9.160, -7.359, -2.901, 3.969
0.7, -0.6, 3.426, 9.026, -1.878, -0.473, -6.015
0.7, 0.6, -2.017, 9.098, -6.885, -2.855, 2.229
0.7, -2.1, 0.315, 9.020, -4.519, -0.611, 4.061
0.7, -1.2, 1.879, 9.391, -5.084, -7.496, -5.924
0.7, 0.1, 0.692, 9.529, -5.099, -2.718, 1.237
0.7, -2.0, -2.298, 9.495, -2.214, -2.061, 6.443
0.7, -1.7, 0.561, 8.766, -6.733, -2.534, -3.282
0.7, 1.4, 1.905, 9.889, -8.550, -1.786, -3.802
0.7, 1.0, 3.625, 9.742, -6.489, -1.282, -5.740
0.7, 0.2, 2.613, 8.829, -4.489, -3.634, -8.489
0.7, 1.7, 4.010, 9.977, -6.473, -0.977, -8.397
0.7, -0.0, 2.673, 9.580, -2.870, -3.267, -4.061
0.7, 1.2, 4.916, 9.467, -9.695, -2.672, -6.427
0.7, 0.6, 1.279, 9.997, -4.702, -3.069, -6.962
0.7, 1.5, 0.260, 10.332, -7.603, -1.313, -6.748
0.7, 0.5, -0.733, 10.101, -2.000, -1.573, -2.443
0.7, -0.0, 0.727, 10.707, -3.573, -0.580, 1.053
0.7, 1.2, -2.905, 10.642, -0.916, -3.069, 2.916
0.7, 0.2, -1.852, 12.969, 2.122, -9.832, -2.137
0.7, -6.0, 4.450, 15.822, 24.229, -47.542, 1.466
0.7, -10.3, 5.428, 5.182, -34.779, -44.565, -9.206
0.7, 9.3, -2.266, 4.122, -17.985, 5.115, -4.931
0.7, 7.9, -4.729, 9.680, 27.649, 26.092, -3.389
0.7, -1.8, 7.670, 11.254, -11.557, -3.282, -4.641
0.7, -4.8, -4.893, 9.509, -14.580, -14.000, -2.031
0.7, 4.2, -3.428, 8.157, 15.450, -4.702, 5.573
0.7, 1.0, 1.311, 9.805, -2.855, 3.023, 3.084
0.7, -1.7, 0.259, 9.566, -11.420, -3.740, 0.458
0.7, -1.8, 3.812, 8.983, -3.389, -0.260, 6.275
0.7, 1.0, 3.707, 6.917, -19.328, 19.344, 7.191
0.7, 6.6, -0.184, 5.335, -22.290, 58.015, -0.321
0.7, 5.0, -21.247, 5.314, -1.802, 40.718, -4.076
0.7, -9.9, 10.907, 13.481, 24.595, -11.053, 2.061
0.7, -5.9, 3.152, 13.825, -50.489, -10.855, -4.809
0.7, 5.9, -7.268, 9.230, 1.756, 7.420, 3.115
0.7, 0.9, 6.997, 10.385, 10.336, 6.733, 6.061
0.7, -3.3, -3.047, 10.903, -9.557, -5.481, 0.931
0.7, -0.0, -4.237, 9.284, 1.130, 1.176, 10.336
0.7, 1.1, -0.271, 12.616, 0.107, 33.038, 17.160
0.7, 4.2, 3.850, 8.065, -25.328, 40.962, -12.061
0.7, -6.3, -8.082, 6.090, -6.855, 19.053, 5.771
0.7, -2.4, 5.958, 6.286, 12.122, 0.534, -3.435
0.7, -2.0, 4.478, 10.210, -22.183, -4.031, 3.450
0.7, -1.0, -1.421, 9.267, -3.008, -7.389, -3.969
0.7, 1.2, -1.354, 10.353, 8.137, -1.466, 1.985
0.7, -0.6, 0.333, 10.065, -3.130, -2.489, 5.863
0.7, -0.9, 1.477, 8.061, -9.588, -1.176, 4.702
0.7, -1.2, 1.067, 7.703, -0.336, -0.046, 0.473
0.7, -2.4, -2.696, 9.656, 1.634, -4.122, 6.947
0.7, -1.1, 2.982, 8.103, -4.870, -9.725, -2.626
0.7, -0.3, 1.592, 9.274, -9.618, -10.824, -4.916
0.7, -2.5, -1.058, 9.250, 0.595, -18.076, -7.924
0.7, -3.8, 1.501, 6.970, -11.618, -36.824, -8.916
0.7, -5.3, -2.610, 6.797, -15.328, -33.527, 27.573
0.7, -0.4, -8.420, 7.325, 48.718, -41.084, -18.137
0.7, 9.4, 8.454, 16.593, 3.084, -20.672, 0.137
0.7, 4.3, 7.766, 9.519, -51.435, -6.092, -3.573
0.7, 0.3, -9.753, 15.894, -3.008, -0.351, 5.679
0.7, 0.8, -3.628, 8.934, 20.137, 3.145, 1.221
0.7, -0.1, 3.693, 9.348, 3.145, 1.573, 4.931
0.7, -2.3, 4.946, 8.244, -18.260, -1.802, 2.382
0.7, -1.7, -3.595, 9.791, -2.015, -3.221, -0.931
0.7, 0.1, -1.781, 10.849, -1.725, -4.733, 6.824
0.7, -1.5, 1.544, 8.736, -2.656, -1.756, 0.137
0.7, 0.9, -0.481, 9.397, -4.061, -2.794, -3.344
0.7, -1.0, 0.940, 9.841, -7.557, -1.267, 8.427
0.5, -1.1, -1.164, 7.752, 0.611, -0.443, -1.969
0.5, 0.6, -1.487, 10.299, 1.511, -2.809, 5.634
0.5, -2.2, 4.843, 8.732, -18.321, -0.992, 6.015
0.5, -0.8, -4.715, 7.366, 8.198, 0.122, -9.099
0.5, 0.9, 0.638, 10.722, 4.595, -0.473, 0.687
0.5, -2.6, 4.633, 9.431, -19.527, 1.985, 3.588
0.5, -1.0, -3.820, 8.323, 1.878, -1.023, -8.641
0.5, -0.5, -0.117, 10.722, -3.511, -0.137, 0.748
0.5, -2.0, 2.855, 9.826, -13.466, -0.595, 8.168
0.5, -7.3, 2.437, 11.520, -30.824, -21.344, -13.206
0.5, -10.7, 10.373, 12.969, -70.687, -46.702, -11.969
0.5, -2.1, 0.994, 8.738, -72.733, -43.267, -6.107
0.5, 5.3, -11.126, 6.802, -59.099, -19.969, 0.840
0.5, 6.7, -9.851, 6.966, -3.756, 4.550, 4.336
0.5, 4.7, -4.492, 6.524, 30.427, 14.580, 0.626
0.5, -2.3, 0.599, 9.467, 18.641, 6.901, -3.176
0.5, -4.3, 4.681, 11.654, -11.588, -2.107, -7.664
0.5, -2.0, -1.031, 9.202, -20.168, -7.206, -10.168
0.5, 0.6, -4.014, 9.367, 8.916, -6.534, -3.435
0.5, -0.1, 1.571, 7.955, 4.214, 2.351, -6.977
0.5, 1.6, -0.306, 9.446, 7.435, 2.534, -4.305
0.5, -0.9, 1.935, 9.175, -6.855, 4.382, 0.595
0.5, -0.9, 0.025, 9.705, -8.992, 2.840, -5.603
0.5, -0.3, -4.347, 9.644, 10.534, -0.305, -0.687
0.5, -1.5, 1.662, 8.599, -2.656, -1.313, -5.008
0.5, 3.5, -2.756, 7.700, 4.672, 5.786, 3.053
0.5, 4.8, -4.044, 6.612, 17.374, 22.015, -4.061
0.5, 5.4, -2.981, 8.242, 20.351, 37.924, -9.176
0.5, 2.1, -12.104, 8.863, 90.198, 53.405, -3.588
0.5, -8.3, 1.422, 27.149, 92.031, 24.855, 19.939
0.5, -13.8, 27.106, 10.955, -20.611, -14.641, -13.725
0.5, -1.4, 4.399, 10.546, -66.137, -23.863, -11.588
0.5, 4.4, -5.732, 8.424, -19.954, -14.061, 7.664
0.5, 5.0, -3.791, 6.092, 24.550, -1.588, 7.603
0.5, 3.3, 4.454, 8.489, 20.229, 10.565, 10.947
0.5, -2.2, 6.147, 9.647, -7.313, 3.084, 3.099
0.5, -4.6, 3.900, 11.021, -41.450, -7.466, 2.321
0.5, 0.1, -6.683, 9.005, -15.863, -8.168, 3.740
0.5, 0.8, -3.863, 8.608, 17.084, -5.618, 1.282
0.5, 3.6, 5.861, 9.995, 1.542, 14.687, -18.870
0.5, 3.4, 5.090, 11.864, -34.580, 32.916, -37.405
0.5, -1.2, -1.150, 9.239, -37.771, 29.664, -17.099
0.5, -4.9, -8.362, 8.274, -21.588, 20.489, -1.374
0.5, -2.3, -3.057, 7.422, 26.550, 17.160, -0.580
0.5, -2.0, -0.943, 7.254, 23.893, 14.046, 18.595
0.5, -1.2, 1.882, 8.115, -3.023, 3.359, 2.458
0.5, -2.1, 1.610, 8.350, -10.626, -1.893, 4.672
0.5, -0.6, -0.705, 10.028, -16.198, -7.374, -0.794
0.5, -0.7, -2.022, 9.729, 2.168, -2.031, 0.534
0.5, -0.2, 0.345, 9.962, 12.382, 0.870, 0.901
0.5, -1.3, 0.895, 9.708, -8.107, -0.977, -2.870
0.5, -0.1, 2.258, 9.075, -6.824, -3.252, -4.015
0.5, -1.6, -3.636, 8.595, 2.183, -2.672, 0.565
0.5, -0.8, -1.080, 9.835, -7.069, -5.695, -1.298
0.5, 0.2, 0.163, 10.071, 7.985, -3.389, 2.290
0.5, -2.3, -5.387, 7.975, 0.626, -10.015, 11.618
0.5, -1.6, 3.005, 9.187, 8.580, -15.313, 10.076
0.5, -1.2, -1.313, 8.213, 13.359, -22.595, 19.679
0.5, -3.7, -0.192, 7.999, 6.992, -36.290, 21.802
0.5, -2.6, 0.269, 14.164, 25.893, -25.710, -11.176
0.5, 3.0, 6.425, 8.902, -25.939, -15.191, -4.153
0.5, -0.2, 1.909, 13.655, -13.878, -7.145, -1.573
0.5, 2.0, -3.189, 8.921, 7.359, -1.221, -18.321
0.5, 0.1, 4.353, 10.526, -8.962, 2.321, 0.550
0.5, -2.4, 0.260, 8.045, -6.260, -1.893, -10.198
0.5, 1.0, -3.545, 8.023, -0.687, -3.084, -0.489
0.5, -0.0, 2.333, 9.036, -11.008, 2.458, 0.275
0.5, 0.3, 1.700, 8.668, -7.802, 0.977, -4.763
0.5, -0.5, -4.975, 9.292, 1.435, -3.206, 4.519
0.5, -2.4, 1.682, 8.661, -12.718, -0.275, 2.779
0.5, -0.3, 0.984, 9.309, -4.275, -3.893, -1.664
0.5, 0.4, -3.774, 8.995, 5.328, -3.115, 5.206
0.5, -0.4, 4.537, 6.756, -11.435, -0.305, 1.618
0.5, -0.6, -2.685, 9.098, 1.878, -2.290, -0.931
0.5, -1.0, -3.176, 9.872, -7.176, -0.763, 7.496
0.5, -1.1, 4.349, 7.918, -8.641, -4.748, -0.198
0.5, -1.1, -2.355, 10.057, 2.382, -7.695, -8.504
0.5, -5.5, -4.408, 15.089, -10.244, -22.626, -5.771
0.5, -13.9, -14.907, 10.206, 48.656, -40.473, 10.779
0.5, -1.2, -1.757, 8.693, 50.031, -39.099, 11.573
0.5, 6.3, 2.762, 6.649, 48.137, -26.229, 2.626
0.5, 8.7, 3.625, 6.936, 48.962, 3.176, -4.840
0.5, 5.5, 7.321, 5.896, 24.763, 22.916, -7.374
0.5, -2.1, 5.827, 8.303, -13.145, 16.519, -6.061
0.5, -5.9, 5.607, 11.401, -32.427, 3.328, 0.031
0.5, -2.5, -3.687, 10.497, -18.443, -8.534, 2.244
0.5, -0.6, -2.241, 9.157, -4.672, -7.908, 9.237
0.5, 1.8, 0.898, 10.606, -2.412, -2.168, 1.908
0.5, 0.4, 1.208, 8.183, -2.000, 1.221, -3.313
0.5, -0.5, -0.327, 10.147, -13.282, 0.565, 2.718
0.5, -1.5, -0.542, 10.793, 2.443, -2.168, -5.802
0.5, -0.7, 0.206, 9.203, -0.153, -6.015, 3.511
0.5, 0.8, -0.457, 9.181, 0.550, -2.275, 3.084
0.5, 1.1, 1.366, 7.292, -4.366, 2.870, -3.069
0.5, 0.1, -1.464, 8.456, -6.000, 3.084, 5.466
0.5, 1.0, 3.815, 7.505, -8.947, 10.794, 3.221
0.5, 2.2, 4.044, 7.458, -20.931, 20.748, 15.237
0.5, 3.3, 10.291, 7.143, -47.344, 32.763, 11.756
0.5, 0.7, 7.345, 7.545, -89.573, 44.092, 1.756
0.7, -14.9, -15.529, 9.718, -96.504, -6.626, -13.939
0.7, -10.6, -10.289, 14.558, 6.092, -27.206, -4.702
0.7, 1.1, -5.425, 9.646, 52.641, -20.962, 3.634
0.7, 4.3, 4.193, 6.891, 11.710, 1.298, 1.985
0.7, 2.1, 4.826, 8.012, -9.405, 9.664, -11.252
0.7, -2.6, -3.595, 8.900, -20.122, 4.763, -1.863
0.7, -3.1, -6.043, 9.524, 12.641, -7.160, -1.634
0.7, 0.3, 1.968, 8.690, -3.084, 1.771, 13.206
0.7, 2.8, -1.213, 9.762, -1.649, 22.641, 27.466
0.7, 2.4, -3.985, 13.367, 12.275, 36.702, 49.221
0.7, -1.6, -0.159, 10.596, 14.656, 24.183, 13.435
0.7, -4.2, 2.810, 8.643, -3.847, 20.611, 4.534
0.7, -1.3, 0.275, 6.744, 2.107, 14.748, -3.481
0.7, -3.1, 0.873, 7.705, 7.374, 7.679, -8.183
0.7, -0.8, 3.275, 8.515, -2.733, 3.237, -5.344
0.7, -2.1, 1.287, 7.532, -4.641, -0.870, -2.626
0.7, -1.8, 0.795, 9.839, -9.099, -3.420, 2.229
0.7, -0.3, 1.415, 9.454, -15.466, -4.412, 4.626
0.7, -2.0, -1.437, 9.238, -11.679, -2.107, -1.069
0.7, 1.4, -0.515, 10.138, -2.183, -0.168, 6.290
0.7, -2.6, -1.258, 8.028, 1.481, -2.519, -0.718
0.7, 0.5, 0.493, 10.684, -3.282, -1.221, 1.511
0.7, -1.4, -0.542, 8.790, 0.626, 0.000, 4.137
0.7, -0.1, -0.504, 9.609, 2.061, 0.198, -2.626
0.7, 0.3, 1.658, 8.932, -7.405, -1.893, 1.313
0.7, -2.5, -0.886, 8.799, -7.664, -2.824, -5.206
0.7, 0.6, 0.776, 9.030, -2.092, -11.435, -6.015
0.7, -4.1, 2.565, 7.532, -18.321, -11.847, -13.542
0.7, -1.1, 2.977, 9.084, -16.183, -29.023, -19.435
0.7, -1.6, 0.731, 7.958, -14.351, -31.924, -26.656
0.7, -1.9, 2.120, 7.715, -17.374, -30.687, 21.878
0.7, 3.2, -6.038, 11.357, -28.305, -24.962, 0.626
0.7, 3.2, -4.288, 11.987, 19.924, -12.931, 4.092
0.7, 0.7, 5.165, 9.407, 5.084, -5.603, 0.885
0.7, 2.0, -1.554, 13.361, -10.168, 1.786, -2.061
0.7, -0.5, 1.987, 8.838, 12.977, 4.611, -6.443
0.7, -1.9, -3.316, 9.714, 0.000, 2.244, 0.779
0.7, -1.6, 3.587, 9.284, -2.000, 3.008, -2.626
0.7, -0.3, -0.524, 9.613, 8.092, -3.145, -2.336
0.7, -0.9, 1.205, 9.963, -8.290, 1.420, 1.405
0.7, -1.7, 1.844, 8.295, -5.954, -0.260, 0.519
0.7, 0.6, -0.826, 9.585, 4.427, -0.595, -1.160
0.7, -0.9, -2.427, 9.884, -7.863, -3.908, 2.260
0.7, -1.0, 2.952, 8.507, 2.305, -2.824, -1.191
0.7, 0.6, -3.282, 9.358, 5.420, -0.290, -1.084
0.7, -1.2, 1.037, 9.663, -12.198, -0.916, 1.527
0.7, -0.9, 0.138, 9.220, 8.519, -4.351, 0.183
0.7, -0.8, -3.936, 9.900, 0.397, -5.817, -2.382
0.7, -0.7, 3.193, 7.290, -9.634, -4.565, -0.275
0.7, 1.0, 0.723, 10.287, 10.519, 0.550, 4.031
0.7, -0.3, -1.635, 10.701, -17.298, 1.771, -1.435
0.7, -1.9, 3.371, 8.350, -9.267, -4.351, 2.275
0.7, 0.4, -2.856, 10.181, 12.489, -1.893, 4.916
0.7, -0.4, -0.822, 9.886, -10.687, -2.840, 1.802
0.7, -0.7, 2.501, 7.367, -3.374, -4.687, 1.145
0.7, 1.4, -1.884, 8.874, 4.504, -0.458, 3.588
0.7, -0.2, -0.347, 9.426, -10.565, 2.198, 1.740
0.7, -1.2, 5.107, 9.347, 3.053, -2.244, 0.107
0.7, -1.8, -2.348, 9.941, -2.427, -4.137, 1.420
0.7, -0.6, 2.379, 9.799, -7.069, -2.519, -1.221
0.7, -0.3, 3.745, 9.275, -0.580, -4.809, 0.992
0.7, -8.3, 1.391, 14.038, -11.099, -43.267, -7.221
0.7, -20.2, -5.187, 14.971, -0.779, -77.954, 4.855
0.7, -12.4, 4.757, 10.982, -14.244, -98.748, 2.870
0.7, 4.5, -3.589, 6.201, -1.221, -79.725, -4.885
0.7, 8.7, -0.978, 4.547, 6.855, -40.595, 2.748
0.7, 10.4, 0.456, 4.418, 8.550, -7.863, -2.412
0.7, 8.6, 1.633, 6.100, -5.145, 19.954, -10.840
0.7, 7.2, -1.942, 6.086, -5.405, 41.191, -9.511
0.7, 3.8, -14.031, 7.612, 29.832, 45.389, 7.328
0.7, -13.7, 14.755, 14.438, 48.061, 16.427, -4.641
0.7, -9.6, 14.560, 11.208, -41.893, -16.122, -4.397
0.7, 0.8, 4.011, 14.114, -62.824, -18.748, -13.542
0.7, 5.3, -7.652, 6.511, -7.969, -9.099, -2.229
0.7, 4.6, -4.775, 8.079, 14.000, 4.031, 3.115
0.7, 2.6, 4.887, 7.960, -8.672, 11.023, -3.527
0.7, -3.3, -0.816, 11.527, -4.901, 3.878, -4.168
0.7, -2.8, -1.754, 10.519, 3.725, -2.489, 0.000
0.7, 3.3, -3.183, 8.155, 4.580, 4.656, 5.802
0.7, 4.3, 3.012, 6.519, -11.252, 24.107, -2.733
0.7, 6.6, 0.200, 5.422, -7.893, 48.382, 9.176
0.7, 7.0, -2.020, 4.626, -3.313, 76.198, 3.145
0.7, 8.4, 0.876, 4.161, 5.725, 110.153, 2.702
0.7, 0.1, -5.533, 15.807, -0.672, 81.481, 12.916
0.7, -24.8, 2.286, 12.280, -16.489, 23.313, 7.649
0.7, -5.7, -9.977, 9.137, -17.847, -25.405, 0.611
0.7, 2.0, -4.587, 7.240, 26.015, -10.702, 1.389
0.7, 4.0, -0.511, 9.172, 36.321, 3.160, 0.260
0.7, 1.9, 6.296, 9.043, -3.099, 1.053, -0.321
0.7, -0.4, 2.513, 10.232, -32.977, -0.687, -6.947
0.7, -1.7, -6.070, 7.428, 7.450, -2.947, 1.298
0.7, 0.5, 0.484, 11.249, -0.779, -3.863, 7.282
0.7, 3.8, 2.544, 11.344, -7.023, 30.427, -3.756
0.7, 3.3, -1.749, 14.399, -7.863, 65.282, 7.313
0.7, -0.4, -3.213, 11.137, -11.511, 68.260, -4.229
0.7, -5.1, 0.080, 8.655, 9.618, 56.748, 4.626
0.7, -0.7, -0.057, 5.710, -11.435, 48.641, -2.290
0.5, -4.8, 0.711, 6.395, 1.298, 42.794, 0.824
0.5, -4.8, 1.502, 6.275, -10.977, 26.794, 0.000
0.5, -4.9, -1.126, 8.176, 2.840, 5.435, 1.863
0.5, -5.0, -0.086, 8.969, -14.656, -5.863, 2.504
0.5, -2.2, -0.843, 8.528, -0.305, -11.893, 6.794
0.5, -0.9, 0.014, 8.813, -4.534, -8.107, 2.641
0.5, 1.3, -0.164, 9.091, -6.473, -2.244, -2.672
0.5, 1.1, -0.876, 8.665, -1.084, 4.305, 0.672
0.5, -0.0, -1.835, 11.126, -2.290, 0.031, -3.252
0.5, -6.3, 2.980, 10.420, -6.855, -10.580, 1.145
0.5, -2.5, -2.085, 9.182, -4.290, -13.573, -1.710
0.5, 0.5, -1.167, 9.148, 1.450, -4.931, 2.519
0.5, 1.6, -0.425, 8.487, 2.107, -0.397, -2.229
0.5, -1.4, 2.613, 9.200, -1.847, -4.992, 2.061
0.5, -4.0, 0.584, 8.022, -0.794, -15.252, -4.153
0.5, -2.4, 0.099, 7.931, -3.023, -26.641, 0.733
0.5, -4.6, 1.246, 6.044, -9.038, -42.076, -1.008
0.5, -4.2, -1.714, 5.575, -0.443, -64.504, 0.473
0.5, -5.3, -0.364, 6.943, -0.641, -80.427, -3.221
0.5, 6.4, 1.217, 11.510, -2.550, -55.252, -0.947
0.5, 1.8, -2.589, 15.161, -9.802, -49.679, -3.878
0.5, 3.6, 5.969, 11.527, 11.084, -30.763, -3.771
0.5, 2.4, -5.650, 11.143, 5.008, -12.092, -6.427
0.5, 3.1, 4.830, 10.196, -9.603, 1.420, -2.870
0.5, 0.6, 1.634, 9.474, -0.214, 5.786, 1.634
0.5, -1.2, -3.874, 9.378, 3.618, 6.672, 2.351
0.5, -1.8, -0.303, 8.977, -5.405, 1.664, 1.847
0.5, 0.2, 2.355, 8.334, 2.076, 0.916, -1.771
0.5, -0.7, -3.551, 9.955, 2.336, 0.443, 0.168
0.5, -1.1, 3.909, 8.368, -9.298, 3.695, -0.931
0.5, -0.8, -4.015, 9.189, 9.756, -3.008, 0.550
0.5, -0.6, -0.054, 9.123, -5.130, -3.618, 1.328
0.5, 0.1, 4.451, 9.437, 1.298, -1.573, -2.305
0.5, -1.4, -4.270, 10.386, -7.634, -2.992, 1.710
0.5, -1.8, 5.321, 8.180, -6.382, -4.702, -4.779
0.5, 1.1, -0.808, 9.947, -0.794, -2.901, -1.679
0.5, 1.2, -3.227, 10.185, -2.870, 0.779, 1.237
0.5, -2.1, 5.242, 9.319, -12.611, -3.817, 1.466
0.5, -2.2, -0.336, 8.612, -0.489, -12.122, 5.099
0.5, 2.0, 1.548, 11.122, -10.290, -7.267, 6.504
0.5, 2.3, -2.885, 9.943, 5.420, 4.046, 3.725
0.5, -1.6, 3.261, 9.606, 1.084, 0.290, 1.221
0.5, -1.2, 3.739, 9.468, 3.298, -3.786, -0.275
0.5, -1.1, -3.263, 9.400, -2.901, -7.786, -2.107
0.5, 0.5, 1.642, 9.139, -9.237, -0.885, -3.847
0.5, -0.1, 1.203, 9.335, 0.107, -2.626, -0.305
0.5, -0.9, -4.270, 10.673, -3.603, -1.969, 2.046
0.5, -1.1, 2.174, 9.068, -6.641, -2.504, 0.397
0.5, -0.8, -1.185, 9.471, 3.267, -0.076, -1.252
0.5, -0.7, 0.824, 9.555, -11.374, 0.580, 1.069
0.5, -0.6, 2.231, 8.308, -5.756, -0.061, -4.046
0.5, -0.0, -3.372, 10.163, 0.656, 2.229, -3.160
0.5, -1.5, 1.803, 9.827, -6.092, 1.557, -4.076
0.5, 1.2, 0.072, 9.118, 4.412, -2.305, 2.336
0.5, -0.6, -2.970, 10.666, -5.466, -2.748, -3.099
0.5, 0.8, 1.803, 9.379, -6.397, -3.160, 1.099
0.5, -1.5, -1.937, 8.187, 0.641, -2.336, -2.061
0.5, -0.1, 2.302, 10.235, -7.649, 1.084, -2.244
0.5, -1.4, 5.308, 8.639, -8.611, -0.794, 1.389
0.5, 0.6, 0.292, 9.420, 7.084, -0.198, 1.969
0.5, -1.3, -3.680, 9.627, 3.832, -1.328, 1.924
0.5, -0.2, -1.522, 10.483, -6.305, -0.687, 2.046
0.5, 0.6, -3.402, 9.274, 8.366, -0.550, -1.481
0.5, -0.2, -4.349, 10.041, 4.015, 0.305, 1.649
0.5, -1.9, 4.073, 7.772, -13.435, -2.626, 3.298
0.5, -1.3, 1.051, 9.864, -5.298, -0.092, -0.947
0.5, -0.6, 4.669, 7.444, -2.840, -0.672, -0.382
0.5, 0.6, 3.145, 9.220, 3.145, 3.282, -0.260
0.5, -1.1, -5.149, 9.538, 6.763, -0.244, 5.313
0.5, -1.0, -0.723, 10.987, 5.527, -5.802, 1.664
0.5, 0.4, 3.315, 6.859, -10.412, -7.618, 1.786
0.5, 0.3, 3.674, 7.960, -0.763, -2.534, 2.168
0.5, -1.7, -0.339, 10.441, 6.779, -3.847, -2.244
0.5, -1.6, -0.997, 10.441, -11.176, -0.244, -0.046
0.5, -0.0, 2.851, 7.806, -5.786, -6.580, 0.198
0.5, -0.1, -0.625, 9.872, 1.573, -3.130, 1.939
0.5, -0.5, -3.650, 10.177, -7.298, -1.954, 0.885
0.5, -0.1, 3.494, 8.635, -7.359, -2.901, 1.679
0.5, -0.5, -1.890, 9.242, 2.443, -1.511, 0.336
0.5, -0.8, -0.713, 10.205, -7.420, 1.160, -0.641
0.5, -0.8, 3.123, 8.062, -6.763, -2.977, -0.748
0.5, 0.9, -4.240, 8.871, 11.115, 0.260, -4.489
0.5, -0.5, 3.584, 10.625, -9.176, 3.603, -0.794
0.5, 3.1, 13
