0.0, -0.6, 0.087, 9.238, -2.748, -1.573, -0.565
0.0, -0.7, 0.017, 9.450, -0.153, -3.023, -0.473
0.0, -2.0, 0.260, 9.378, -2.824, -2.076, -1.038
0.0, -0.3, 0.177, 9.122, -2.595, -2.763, -0.641
0.0, -0.8, -0.163, 8.999, -3.221, -2.076, 0.366
0.0, 1.1, 0.206, 9.592, -2.580, 2.565, -1.130
0.0, -0.5, 0.856, 8.705, -3.344, -4.794, 0.534
0.0, -2.4, 0.211, 10.087, -3.511, -2.336, -0.641
0.0, -1.3, -0.085, 9.148, -0.397, -3.099, 1.069
0.0, -0.3, 0.706, 9.426, -2.626, -4.580, 1.038
0.0, -0.9, 0.069, 8.659, -4.458, -5.191, -0.366
0.0, 0.5, 1.475, 9.491, -4.962, 0.809, -1.206
0.0, -0.7, 0.077, 9.167, -1.603, -0.107, 0.824
0.0, 0.5, -0.132, 9.201, -3.435, 2.336, -3.908
0.0, 0.0, 0.220, 9.426, -1.603, -4.855, 1.664
0.0, 0.6, -0.909, 9.352, -8.489, -0.931, -3.832
0.0, -0.7, 0.767, 9.041, -6.168, -1.786, -1.740
0.2, 0.6, 1.571, 8.935, -6.397, 1.710, 2.763
0.2, -0.0, -0.323, 9.343, -1.328, -2.702, 3.405
0.2, 0.8, -0.657, 9.074, -5.267, -2.519, -1.053
0.2, -0.4, 1.177, 9.115, -7.237, 0.351, 0.855
0.2, -0.2, 0.243, 9.412, 0.397, 2.458, 0.931
0.2, -0.3, -1.529, 9.007, -2.779, -2.107, 0.046
0.2, -2.0, 0.087, 9.233, -2.901, -0.458, -1.832
0.2, -1.0, -2.363, 9.317, -5.267, 1.969, -0.901
0.0, 0.8, -0.047, 9.366, -1.130, -4.260, 1.115
0.0, -0.6, -0.259, 9.244, -4.870, -4.031, 1.954
0.0, -1.1, -0.156, 9.862, -2.366, -5.160, 1.420
0.0, 1.7, 0.856, 10.684, -2.870, 0.275, -0.595
0.0, -1.0, 1.039, 8.515, -0.519, 1.206, -1.756
0.0, -2.0, 1.216, 8.902, -2.534, -4.870, 0.550
0.0, -1.8, 1.077, 9.650, -5.420, -3.282, 1.802
0.0, -0.8, -1.358, 8.948, -3.405, -6.504, 1.374
0.2, 2.0, 0.008, 9.717, -2.550, 1.191, 0.168
0.2, 0.0, 1.674, 8.681, -5.954, -0.382, 0.977
0.2, -1.5, 0.500, 8.851, 1.435, -6.015, 2.031
0.2, -3.2, 0.205, 9.389, 1.786, -3.237, -1.282
0.2, 0.2, -1.676, 10.120, -1.069, 0.504, 0.809
0.2, -0.6, -1.711, 9.767, -1.802, -0.626, 0.351
0.2, 0.5, -0.394, 9.766, -5.176, -0.183, -0.366
0.2, -0.9, -0.296, 9.784, -13.542, -2.595, -3.282
0.2, -0.3, -2.588, 9.234, -5.985, -1.557, 1.832
0.2, -0.3, -1.659, 9.242, 2.611, 0.534, 2.107
0.2, -1.3, -0.998, 9.191, 0.244, -2.641, 0.336
0.2, -0.7, -3.157, 9.546, 0.977, 1.252, 0.427
0.2, 2.1, -1.380, 9.331, -9.206, 3.420, 2.153
0.2, -1.0, -1.543, 8.862, -5.924, 3.145, 6.580
0.2, 1.4, 1.415, 9.528, -10.916, 2.321, -1.588
0.2, 0.4, -0.626, 9.306, -1.298, -4.824, 0.122
0.2, -1.3, 2.897, 9.233, -3.618, -3.313, -3.573
0.2, -1.1, 1.563, 9.689, -3.573, -1.038, -1.924
0.2, -2.0, 2.304, 9.530, -5.756, -3.389, -2.031
0.2, -0.6, 0.008, 9.045, -7.679, -2.840, 1.450
0.2, 1.1, -0.581, 8.930, -6.580, -0.275, -0.687
0.2, 0.8, -3.310, 8.531, -8.489, -0.214, -0.168
0.2, 0.2, -2.425, 9.899, 17.496, 0.779, 1.924
0.2, -0.6, 1.930, 8.338, -15.359, -3.221, 0.794
0.2, 0.5, -0.506, 9.331, 9.099, 0.809, 2.382
0.2, -3.0, -3.163, 9.359, -13.450, -11.160, 5.985
0.2, -1.7, 1.438, 9.865, -1.847, -3.435, -5.130
0.2, -1.7, 1.328, 9.834, -4.702, -1.023, 0.611
0.2, -2.2, 2.084, 8.988, 6.824, 0.351, 1.359
0.2, 0.6, 2.975, 10.363, -0.748, -0.947, -4.183
0.2, -0.8, -0.339, 9.398, 4.504, -3.527, 0.611
0.2, -1.8, 1.252, 8.311, 0.198, 5.344, 7.252
0.2, -1.2, 0.275, 9.135, -2.779, -2.015, -1.145
0.2, 0.3, 2.486, 8.626, -5.634, -5.847, 2.901
0.2, -0.3, 2.037, 9.061, 4.565, -5.573, 3.985
0.2, -1.2, -0.915, 8.847, 2.748, -1.038, 2.397
0.2, -2.0, -0.648, 8.449, -3.038, -3.176, 1.389
0.2, -1.2, -0.545, 8.850, -3.389, -1.939, 0.641
0.2, -0.1, 0.237, 9.456, -6.229, -1.069, 1.954
0.2, -0.3, -0.085, 9.439, -7.634, 4.351, -1.145
0.2, -3.8, 0.341, 11.903, 24.885, 10.656, 4.321
0.2, -0.8, -2.404, 8.843, -3.374, -3.802, 2.076
0.2, 0.6, 3.978, 8.756, -11.420, -4.015, -0.885
0.2, 0.9, -1.863, 8.809, 1.405, 3.099, 6.382
0.2, -1.2, -0.097, 9.554, 0.687, -2.290, 0.458
0.2, -1.9, -1.721, 9.026, 1.069, -8.412, 6.290
0.2, -2.1, 2.040, 9.774, -2.840, -5.008, 0.794
0.2, 0.2, -1.730, 9.377, 3.344, 1.374, 2.763
0.2, -0.6, 0.113, 9.461, -1.771, -3.664, -1.237
0.2, -0.5, -0.828, 9.677, 4.931, -2.595, 0.061
0.2, -3.7, -2.385, 9.717, -1.603, -15.481, 1.405
0.2, 0.7, 0.466, 9.236, -3.267, -6.595, 0.260
0.2, 0.3, -1.197, 9.152, -1.496, -1.282, 1.374
0.2, -1.6, 0.379, 9.722, -28.183, -8.748, 0.458
0.2, -0.4, -1.578, 10.605, 9.710, -8.244, -2.107
0.2, 0.4, 2.310, 9.061, -4.412, -0.595, -0.458
0.2, -2.2, -0.297, 8.379, -4.641, 15.389, 6.962
0.2, -1.4, 0.476, 9.245, -2.992, -0.198, -3.481
0.2, -1.9, -0.403, 9.147, 4.031, -14.885, 4.092
0.5, -1.0, 2.925, 8.777, -14.427, -8.626, -5.756
0.5, -2.1, -1.879, 9.160, -1.191, -4.489, 3.969
0.5, -2.1, -2.835, 8.796, -0.870, -2.489, 2.702
0.5, 0.2, 0.524, 9.121, -10.519, -0.672, 1.221
0.5, 2.5, 0.299, 10.053, -0.534, -3.160, 2.992
0.5, -0.2, -0.028, 10.150, -12.015, -2.611, 4.595
0.5, 0.8, 0.399, 9.376, -4.061, -3.038, -0.183
0.5, -0.8, 0.686, 8.745, -15.313, 12.840, 3.969
0.5, -7.5, -0.786, 11.088, 35.267, 4.733, -4.336
0.5, -1.4, 1.091, 9.698, -2.168, -4.901, -2.397
0.5, -1.6, -2.298, 9.005, -19.649, 7.740, -1.023
0.5, -3.3, 1.141, 9.257, 3.878, -4.931, -5.053
0.5, 2.1, -6.269, 10.821, -13.359, -11.786, 23.160
0.3, 2.8, 12
